0.000000000000000000e+00 0.000000000000000000e+00 -9.000000000000000000e+01 0.000000000000000000e+00 0.000000000000000000e+00 9.000000000000000000e+01
3.015075376884421843e-01 1.218604969603240846e+02 -8.991065148576146271e+01 -3.910030470712090311e-01 3.182249581354160028e+01 4.038539131574744090e+01
6.030150753768843686e-01 1.218259957008041994e+02 -8.982119608982409886e+01 -3.912836591708225842e-01 3.167761739020779999e+01 4.035291888127584770e+01
9.045226130653265528e-01 1.217915279168335303e+02 -8.973163359072808021e+01 -3.915644336353831245e-01 3.153296568166980407e+01 4.032008243279405946e+01
1.206030150753768737e+00 1.217570935567497799e+02 -8.964196376807322508e+01 -3.918453693717668940e-01 3.138854260898245130e+01 4.028688304155387101e+01
1.507537688442210921e+00 1.217226925679007792e+02 -8.955218640238442163e+01 -3.921264659920394302e-01 3.124435007128621322e+01 4.025332178456781662e+01
1.809045226130653106e+00 1.216883248966599211e+02 -8.946230127506998997e+01 -3.924077232330184239e-01 3.110038994576452254e+01 4.021939974450673105e+01
2.110552763819095290e+00 1.216539904884497361e+02 -8.937230816850041037e+01 -3.926891405433279858e-01 3.095666408760791910e+01 4.018511800959609559e+01
2.412060301507537474e+00 1.216196892877370601e+02 -8.928220686598618272e+01 -3.929707174554168958e-01 3.081317432997972716e+01 4.015047767351406094e+01
2.713567839195979658e+00 1.216967670061197708e+02 -8.918992841369811231e+01 -4.019914482102153741e-01 3.165354846204232686e+01 4.007720222592795523e+01
3.015075376884421843e+00 1.218761799979621969e+02 -8.909493158499358856e+01 -4.133466031164035881e-01 3.268670856297234195e+01 3.998852128115817095e+01
3.316582914572864027e+00 1.221080652845201797e+02 -8.899107452065993584e+01 -4.225769324884852685e-01 3.345921863690499976e+01 3.496484175613792189e+01
3.618090452261306211e+00 1.224623610324382383e+02 -8.886855755867210860e+01 -4.517603652906641565e-01 3.487469828123676052e+01 2.518779546398380020e+01
3.919597989949748396e+00 1.227467280110461303e+02 -8.874596125437395244e+01 -4.518304445309175299e-01 3.480967905121385542e+01 2.516185159890207856e+01
4.221105527638190580e+00 1.229798057799057744e+02 -8.862329513104336343e+01 -4.519004261941242384e-01 3.474475902752195111e+01 2.513576825533470682e+01
4.522613065326632764e+00 1.231741526115915093e+02 -8.850056561607524941e+01 -4.519703105048080150e-01 3.467993851647059245e+01 2.510954576898261692e+01
4.824120603015074948e+00 1.233385375384834362e+02 -8.837777720896988853e+01 -4.520400971139451607e-01 3.461521782189334573e+01 2.508318447592141709e+01
5.125628140703517133e+00 1.234792687769785999e+02 -8.825493315773530867e+01 -4.521097857801505415e-01 3.455059724515626840e+01 2.505668471259428287e+01
5.427135678391959317e+00 1.236010000808500138e+02 -8.813203586923953026e+01 -4.521793764412390115e-01 3.448607708515549319e+01 2.503004681580248558e+01
5.728643216080401501e+00 1.237072396132322467e+02 -8.800908716813296451e+01 -4.522488689275476204e-01 3.442165763832781522e+01 2.500327112269902941e+01
6.030150753768843686e+00 1.235081257910034793e+02 -8.789543006363996369e+01 -4.231003238119708798e-01 2.902332354246298252e+01 2.606418304927043650e+01
6.331658291457285870e+00 1.230055153561387300e+02 -8.779235734902519539e+01 -3.940479776866739892e-01 2.176530278251682660e+01 2.715957435776789453e+01
6.633165829145728054e+00 1.225470006064380470e+02 -8.768907140259167932e+01 -3.941327954346324214e-01 2.170196844220909327e+01 2.711482019527782228e+01
6.934673366834170238e+00 1.221270096142732626e+02 -8.758559147232190867e+01 -3.942174935644098821e-01 2.163877848947632287e+01 2.706994884069565899e+01
7.236180904522612423e+00 1.217408635075022687e+02 -8.748193369743290759e+01 -3.943020720298465731e-01 2.157573295377635247e+01 2.702496069797499345e+01
7.537688442211054607e+00 1.213846058268069470e+02 -8.737811171051325232e+01 -3.943865302918430626e-01 2.151283186222137189e+01 2.697985617049824825e+01
7.839195979899496791e+00 1.210548692734363811e+02 -8.727413710547281767e+01 -3.944708683044169106e-01 2.145007523959051099e+01 2.693463566106867546e+01
8.140703517587938975e+00 1.207487706981296327e+02 -8.717001980500310765e+01 -3.945550861446796564e-01 2.138746310835005104e+01 2.688929957191126263e+01
8.442211055276381160e+00 1.204638276340658649e+02 -8.706576835174021767e+01 -3.946391837664287583e-01 2.132499548866719508e+01 2.684384830466250449e+01
8.743718592964823344e+00 1.201978914202043143e+02 -8.696139014101382259e+01 -3.947231605078292405e-01 2.126267239843414458e+01 2.679828226036926964e+01
9.045226130653265528e+00 1.199490932123190987e+02 -8.685689160792287566e+01 -3.948070164460161791e-01 2.120049385327696001e+01 2.675260183947839820e+01
9.346733668341707713e+00 1.197158000910743141e+02 -8.675227837919999274e+01 -3.948907517810080203e-01 2.113845986658229137e+01 2.670680744183913191e+01
9.648241206030149897e+00 1.194965791416360901e+02 -8.664755539739337564e+01 -3.949743662204068806e-01 2.107657044950885350e+01 2.666089946669346133e+01
9.949748743718592081e+00 1.192607503962505007e+02 -8.654276174196027682e+01 -3.951254768384461769e-01 2.007637735932812006e+01 2.638451645550649260e+01
1.025125628140703427e+01 1.190897084737676721e+02 -8.641251939200344623e+01 4.711490240939371077e-01 -1.568730424682120770e+02 -2.208788562098029118e+01
1.055276381909547645e+01 1.189684819553081496e+02 -8.627710514295915800e+01 4.868567593283099071e-01 -1.556851802205550257e+02 -2.152167439071291710e+01
1.085427135678391863e+01 1.188559967615727260e+02 -8.614162875492829130e+01 4.868852802211555142e-01 -1.557281687316655905e+02 -2.147879082466912237e+01
1.115577889447236082e+01 1.185533355196544534e+02 -8.601297766608868756e+01 4.841998706554102583e-01 -1.623129509576499174e+02 -2.553965491506673047e+01
1.145728643216080300e+01 1.181803095272642423e+02 -8.588730760830324584e+01 4.856489027789459567e-01 -1.655509424158246361e+02 -2.729714357114026768e+01
1.175879396984924519e+01 1.178296028328938689e+02 -8.576139284510085758e+01 4.856961123037548678e-01 -1.656001140733044679e+02 -2.724020527910105116e+01
1.206030150753768737e+01 1.174993257603352106e+02 -8.563524802181285622e+01 4.857432878942575250e-01 -1.656491471551809980e+02 -2.718320802910048783e+01
1.236180904522612956e+01 1.171877929849307947e+02 -8.550888619094649812e+01 4.857904295269958594e-01 -1.656980418716599672e+02 -2.712615206475233975e+01
1.266331658291457174e+01 1.168934969945687214e+02 -8.538231902345742697e+01 4.858375369784657116e-01 -1.657467984330559716e+02 -2.706903762893050924e+01
1.296482412060301392e+01 1.166150855268505353e+02 -8.525555698748942746e+01 4.858846101585950206e-01 -1.657954170497854420e+02 -2.701186496376320179e+01
1.326633165829145611e+01 1.163513423141963585e+02 -8.512860950030190565e+01 4.859316490440086511e-01 -1.658438979323659623e+02 -2.695463431064169768e+01
1.356783919597989829e+01 1.161011705919696908e+02 -8.500148505797241683e+01 4.859786534446754458e-01 -1.658922412913999551e+02 -2.689734591021616694e+01
1.386934673366834048e+01 1.158635789231754245e+02 -8.487419134641928053e+01 4.860256233372724499e-01 -1.659404473375685996e+02 -2.684000000239891648e+01
1.417085427135678266e+01 1.156376689734019862e+02 -8.474673533693948002e+01 4.860725584985273184e-01 -1.659885162816303534e+02 -2.678259682636630501e+01
1.447236180904522485e+01 1.154226249330048404e+02 -8.461912336854766181e+01 4.861194588718559806e-01 -1.660364483344029907e+02 -2.672513662055981243e+01
1.477386934673366703e+01 1.152177043361075732e+02 -8.449136121929674914e+01 4.861663243673705614e-01 -1.660842437067687456e+02 -2.666761962268441266e+01
1.507537688442210921e+01 1.150222300678080103e+02 -8.436345416820924470e+01 4.862131548952099425e-01 -1.661319026096548157e+02 -2.661004606971748743e+01
1.537688442211055140e+01 1.148355833856158910e+02 -8.423540704924309352e+01 4.862599502989154998e-01 -1.661794252540330774e+02 -2.655241619789781282e+01
1.567839195979899358e+01 1.146571978092760844e+02 -8.410722429839998426e+01 4.863067105220087449e-01 -1.662268118509104511e+02 -2.649473024274060506e+01
1.597989949748743577e+01 1.144865537566019640e+02 -8.397890999504249976e+01 4.863534354414130179e-01 -1.662740626113222220e+02 -2.643698843903096218e+01
1.628140703517587795e+01 1.143231738219026994e+02 -8.385046789816891533e+01 4.864001249673948757e-01 -1.663211777463269243e+02 -2.637919102082371126e+01
1.658291457286431836e+01 1.141666186096837237e+02 -8.372190147840191798e+01 4.864467789103480433e-01 -1.663681574669930683e+02 -2.632133822145109292e+01
1.688442211055276232e+01 1.140164830492983157e+02 -8.359321394616276280e+01 4.864933972805099427e-01 -1.664150019843981454e+02 -2.626343027352053738e+01
1.718592964824120628e+01 1.138723931276250170e+02 -8.346440827670292606e+01 4.865399799216401644e-01 -1.664617115096221767e+02 -2.620546740891582260e+01
1.748743718592964669e+01 1.137340029856800641e+02 -8.333548723227727351e+01 4.865865266775503128e-01 -1.665082862537333313e+02 -2.614744985879945816e+01
1.778894472361808710e+01 1.136009923330301632e+02 -8.320645338182779938e+01 4.866330375252509444e-01 -1.665547264277894897e+02 -2.608937785361286288e+01
1.809045226130653106e+01 1.134730641404897824e+02 -8.307730911859536604e+01 4.866795123086193331e-01 -1.666010322428275003e+02 -2.603125162308069207e+01
1.839195979899497502e+01 1.133499425768535644e+02 -8.294805667579905162e+01 4.867259509381449689e-01 -1.666472039098550795e+02 -2.597307139620835770e+01
1.869346733668341543e+01 1.132313711602992328e+02 -8.281869814068576829e+01 4.867723533243434320e-01 -1.666932416398486509e+02 -2.591483740128792235e+01
1.899497487437185583e+01 1.131171110989737940e+02 -8.268923546713736528e+01 4.868187193444821759e-01 -1.667391456437426029e+02 -2.585654986589471349e+01
1.929648241206029979e+01 1.130069397986587774e+02 -8.255967048699827160e+01 4.868650488425969036e-01 -1.667849161324238878e+02 -2.579820901689479484e+01
1.959798994974874375e+01 1.129006495182560741e+02 -8.243000492020951242e+01 4.869113418623803868e-01 -1.668305533167297767e+02 -2.573981508043759092e+01
1.989949748743718416e+01 1.127980461565271497e+02 -8.230024038408342335e+01 4.869575981148549504e-01 -1.668760574074286751e+02 -2.568136828196706034e+01
2.020100502512562457e+01 1.128488357128451014e+02 -8.215361985142160961e+01 5.408641267823504073e-01 -1.581721182640605150e+02 -2.534381424165442453e+01
2.050251256281406853e+01 1.131633712812215293e+02 -8.200778686776229165e+01 5.483962261818390305e-01 -1.437602513347161448e+02 -2.441155691705953856e+01
2.080402010050251249e+01 1.134671209936219611e+02 -8.186175113761302669e+01 5.484575557640229970e-01 -1.438024072537495499e+02 -2.442977794631147859e+01
2.110552763819095290e+01 1.137606441526495615e+02 -8.171552410580471815e+01 5.485188486919735373e-01 -1.438445625575386941e+02 -2.444795783923353483e+01
2.140703517587939331e+01 1.140444632045241775e+02 -8.156911644592321409e+01 5.485801048598654139e-01 -1.438867171716543112e+02 -2.446609661046434780e+01
2.170854271356783727e+01 1.143190666431746934e+02 -8.142253812367394517e+01 5.486413244571586301e-01 -1.439288710216353024e+02 -2.448419427475788268e+01
2.201005025125628123e+01 1.145849116521862783e+02 -8.127579845437927020e+01 5.487025073189665259e-01 -1.439710240329875717e+02 -2.450225084699118838e+01
2.231155778894472164e+01 1.148424265111543008e+02 -8.112890615505082792e+01 5.487636530443229521e-01 -1.440131761311744754e+02 -2.452026634216118595e+01
2.261306532663316204e+01 1.150920127899881606e+02 -8.098186939146424379e+01 5.488247616456406464e-01 -1.440553272416311756e+02 -2.453824077538836690e+01
2.291457286432160600e+01 1.153340473514867313e+02 -8.083469582101784567e+01 5.488858331648298616e-01 -1.440974772897565686e+02 -2.455617416190760594e+01
2.321608040201004997e+01 1.155688841809363083e+02 -8.068739263176590271e+01 5.489468674962345585e-01 -1.441396262009155578e+02 -2.457406651707941592e+01
2.351758793969849037e+01 1.157968560594542708e+02 -8.053996657798995784e+01 5.490078643277033210e-01 -1.441817739004423515e+02 -2.459191785638287087e+01
2.381909547738693078e+01 1.160182760962307214e+02 -8.039242401250123748e+01 5.490688236717334858e-01 -1.442239203136340109e+02 -2.460972819542019252e+01
2.412060301507537474e+01 1.162334391326109397e+02 -8.024477091624601144e+01 5.491297454228163399e-01 -1.442660653657619321e+02 -2.462749754990655404e+01
2.442211055276381870e+01 1.164426230302712781e+02 -8.009701292532511729e+01 5.491906295344722855e-01 -1.443082089820607052e+02 -2.464522593568668185e+01
2.472361809045225911e+01 1.166460898541224367e+02 -7.994915535575438525e+01 5.492514759012505632e-01 -1.443503510877370388e+02 -2.466291336871628204e+01
2.502512562814069952e+01 1.168440869596003751e+02 -7.980120322619262652e+01 5.493122842113199455e-01 -1.443924916079671164e+02 -2.468055986508008814e+01
2.532663316582914348e+01 1.170368479932776040e+02 -7.965316127865378348e+01 5.493730544773175462e-01 -1.444346304678933564e+02 -2.469816544097528066e+01
2.562814070351758744e+01 1.172245938142517190e+02 -7.950503399763852030e+01 5.494337865939384891e-01 -1.444767675926367474e+02 -2.471573011272075249e+01
2.592964824120602785e+01 1.174075333435795301e+02 -7.935682562768593584e+01 5.494944804853957310e-01 -1.445189029072808466e+02 -2.473325389675957453e+01
2.623115577889446826e+01 1.175858643481191024e+02 -7.920854018947017039e+01 5.495551363117318067e-01 -1.445610363368849391e+02 -2.475073680964905165e+01
2.653266331658291222e+01 1.177597741641070286e+02 -7.906018149491026747e+01 5.496157534076869799e-01 -1.446031678064810535e+02 -2.476817886806888325e+01
2.683417085427135618e+01 1.180354989021255250e+02 -7.890059293159751519e+01 5.832752585330125417e-01 -1.372166434598393039e+02 -1.931852503927889941e+01
2.713567839195979658e+01 1.183100481863318834e+02 -7.874009140974277443e+01 5.857985027654987187e-01 -1.368484282151607374e+02 -1.901838655485646612e+01
2.743718592964823699e+01 1.185771782636388139e+02 -7.857936521010606157e+01 5.858576172931844184e-01 -1.368869531267080220e+02 -1.904013889259071490e+01
2.773869346733668095e+01 1.188371908618212132e+02 -7.841842425633768698e+01 5.859166990120975305e-01 -1.369254783890712304e+02 -1.906185111614222194e+01
2.804020100502512491e+01 1.190903722604488451e+02 -7.825727794739728438e+01 5.859757477386573488e-01 -1.369640039387944626e+02 -1.908352323556287189e+01
2.834170854271356532e+01 1.193369942294366979e+02 -7.809593519138672946e+01 5.860347632893515568e-01 -1.370025297123667372e+02 -1.910515526101535144e+01
2.864321608040200573e+01 1.195773149031823692e+02 -7.793440443684502839e+01 5.860937455636499038e-01 -1.370410556462359182e+02 -1.912674720277170692e+01
2.894472361809044969e+01 1.198222789654133038e+02 -7.775750819257953594e+01 6.376665752733423620e-01 -1.376838864894128562e+02 -1.863297404248452338e+01
2.924623115577889365e+01 1.200662693527435039e+02 -7.757209604290784455e+01 6.660196262945538015e-01 -1.380115562126828479e+02 -1.840523098268579716e+01
2.954773869346733406e+01 1.203035101004646918e+02 -7.738650064357744895e+01 6.660798789451131130e-01 -1.380490978585577295e+02 -1.842691785702237084e+01
2.984924623115577447e+01 1.205342918224190498e+02 -7.720073073241087513e+01 6.661400979868691286e-01 -1.380866396258176962e+02 -1.844856612929810069e+01
3.015075376884421843e+01 1.206842662812599656e+02 -7.701168162946908069e+01 6.777777275111348532e-01 -1.440484504361255631e+02 -2.096393930031215191e+01
3.045226130653266239e+01 1.207569451496079296e+02 -7.681945686130836748e+01 6.968883302499452315e-01 -1.499375808325777939e+02 -2.314633240915045675e+01
3.075376884422110280e+01 1.208278957842507282e+02 -7.662716664933572019e+01 6.970159222573929503e-01 -1.499922509349105439e+02 -2.312150612483877765e+01
3.105527638190954320e+01 1.208743099010584245e+02 -7.644741835440896693e+01 6.612664410817666871e-01 -1.519738835067259402e+02 -2.488100709204224259e+01
3.135678391959798716e+01 1.208835157985858046e+02 -7.628799226256177235e+01 6.065187444557215146e-01 -1.557596304628798691e+02 -2.810383870381012628e+01
3.165829145728643113e+01 1.208928187333019508e+02 -7.612851210162887128e+01 6.066400401147880039e-01 -1.558141049821433910e+02 -2.807493863277007407e+01
3.195979899497487153e+01 1.209022152416316374e+02 -7.596897807721282447e+01 6.067613372081476220e-01 -1.558685247950913890e+02 -2.804600640420529345e+01
3.226130653266331194e+01 1.209117020220371188e+02 -7.580939039478073482e+01 6.068826355214104185e-01 -1.559228898978436177e+02 -2.801704211120471300e+01
3.256281407035175590e+01 1.209212759261738768e+02 -7.564974925970932418e+01 6.070039347069287050e-01 -1.559772002868201071e+02 -2.798804584678989471e+01
3.286432160804019986e+01 1.209309339506285994e+02 -7.549005487720191354e+01 6.071252347641795666e-01 -1.560314559587369843e+02 -2.795901770391295571e+01
3.316582914572863672e+01 1.209406732291835738e+02 -7.533030745228347769e+01 6.072465357459913005e-01 -1.560856569106318261e+02 -2.792995777545759140e+01
3.346733668341708068e+01 1.209504910255625987e+02 -7.517050718996284786e+01 6.073678371184115798e-01 -1.561398031398192074e+02 -2.790086615423788885e+01
3.376884422110552464e+01 1.209129347537493544e+02 -7.503559992921708499e+01 5.742110353599804151e-01 -1.643092143437147286e+02 -3.573830319449828608e+01
3.407035175879396860e+01 1.208587179033826970e+02 -7.491004083290437165e+01 5.670688040480975634e-01 -1.680654446319366571e+02 -3.870666304243390954e+01
3.437185929648241256e+01 1.208057677669343519e+02 -7.478439608692858087e+01 5.671502113592880034e-01 -1.681135746722581246e+02 -3.867048190276484121e+01
3.467336683417084942e+01 1.207540543370734980e+02 -7.465866658281214541e+01 5.672316167251036934e-01 -1.681616374421910507e+02 -3.863428451789493323e+01
3.497487437185929338e+01 1.207035485368327272e+02 -7.453285319136915632e+01 5.673130197466413893e-01 -1.682096330290072501e+02 -3.859807096435137197e+01
3.527638190954773734e+01 1.206542221843544240e+02 -7.440695676345941934e+01 5.673944202250680302e-01 -1.682575615199591539e+02 -3.856184131848522867e+01
3.557788944723617419e+01 1.206060479592142514e+02 -7.428097813070647248e+01 5.674758181614782959e-01 -1.683054230022546847e+02 -3.852559565649154649e+01
3.587939698492461815e+01 1.205589993702714651e+02 -7.415491810626960500e+01 5.675572133571814559e-01 -1.683532175630901975e+02 -3.848933405439612443e+01
3.618090452261306211e+01 1.205130507249091067e+02 -7.402877748551409809e+01 5.676386057277468256e-01 -1.684009452896308687e+02 -3.845305658805080640e+01
3.648241206030150607e+01 1.204681770996231478e+02 -7.390255704665611347e+01 5.677199952743896549e-01 -1.684486062690087635e+02 -3.841676333315704284e+01
3.678391959798995003e+01 1.204243543119183215e+02 -7.377625755146161168e+01 5.678013817130405094e-01 -1.684962005883276390e+02 -3.838045436523068332e+01
3.708542713567838689e+01 1.203815588933855452e+02 -7.364987974582825814e+01 5.678827648738905554e-01 -1.685437283346529966e+02 -3.834412975963035564e+01
3.738693467336683085e+01 1.203397680639303076e+02 -7.352342436032802198e+01 5.679641447583482217e-01 -1.685911895950318637e+02 -3.830778959154988428e+01
3.768844221105527481e+01 1.202989597071250927e+02 -7.339689211080110454e+01 5.680455211967255780e-01 -1.686385844564603644e+02 -3.827143393601996735e+01
3.798994974874371167e+01 1.202591123465871590e+02 -7.327028369887520398e+01 5.681268940764551134e-01 -1.686859130059105780e+02 -3.823506286788684605e+01
3.829145728643215563e+01 1.201688561655001450e+02 -7.318283272724684707e+01 4.454482610443666335e-01 1.789411627072103954e+02 -4.003530421712921594e+01
3.859296482412059959e+01 1.200456336711180967e+02 -7.312122377518878125e+01 3.751402307306374029e-01 1.661341684381545747e+02 -4.047655871733383037e+01
3.889447236180904355e+01 1.199233071221972580e+02 -7.305946510624229973e+01 3.752022035201771355e-01 1.661084398778045852e+02 -4.043418530686030721e+01
3.919597989949748751e+01 1.198018695990018898e+02 -7.299755765028893961e+01 3.752641782047410057e-01 1.660827442123569710e+02 -4.039181413692001854e+01
3.949748743718592436e+01 1.196813142248954875e+02 -7.293550232848377846e+01 3.753261546539155002e-01 1.660570813735284617e+02 -4.034944523631394020e+01
3.979899497487436832e+01 1.195616341664976972e+02 -7.287330005328675497e+01 3.753881330394313598e-01 1.660314512932870912e+02 -4.030707863373986299e+01
4.010050251256281229e+01 1.193357244502638395e+02 -7.279329467912378959e+01 4.583432028201256392e-01 1.610190268017352935e+02 -2.873199461645032926e+01
4.040201005025124914e+01 1.189267334911688465e+02 -7.269195619665106278e+01 6.806310181462460474e-01 1.524416182588477682e+02 -2.535052377611562946e+01
4.070351758793969310e+01 1.185259315892325844e+02 -7.259089147525401131e+01 6.843659414753350267e-01 1.520429584957434486e+02 -2.633738873993055307e+01
4.100502512562813706e+01 1.181303076655589024e+02 -7.248852207219809429e+01 6.845918631326780579e-01 1.521046470790623459e+02 -2.629210062585653773e+01
4.130653266331658102e+01 1.177398412673827295e+02 -7.238486700625423964e+01 6.848174209505588639e-01 1.521661575361557652e+02 -2.624668559165871073e+01
4.160804020100502498e+01 1.173545094816263799e+02 -7.227994513169761603e+01 6.850426145553493162e-01 1.522274898293536580e+02 -2.620114423923975622e+01
4.190954773869346184e+01 1.169742870682280653e+02 -7.217377512969395070e+01 6.852674435969697830e-01 1.522886439248524368e+02 -2.615547716946841206e+01
4.221105527638190580e+01 1.165991465907708431e+02 -7.206637550037694950e+01 6.854919076779579790e-01 1.523496197926378670e+02 -2.610968498214853639e+01
4.251256281407034976e+01 1.162290585441504049e+02 -7.195776455557631834e+01 6.857160064007897793e-01 1.524104174064835604e+02 -2.606376827602668556e+01
4.281407035175878661e+01 1.158921942339076736e+02 -7.184122740047158118e+01 6.143628261603446550e-01 1.580097473734690823e+02 -1.893736031365813588e+01
4.311557788944723058e+01 1.155628477206089855e+02 -7.172311467235388704e+01 6.082421897057270765e-01 1.586425415255333746e+02 -1.808165774868808739e+01
4.341708542713567454e+01 1.152381553486595749e+02 -7.160412319911861800e+01 6.083917489174056614e-01 1.586852896057467035e+02 -1.803420519779672304e+01
4.371859296482411850e+01 1.149180619775154923e+02 -7.148426753136831735e+01 6.085411104903682977e-01 1.587279190835323845e+02 -1.798664293933721936e+01
4.402010050251256246e+01 1.147614398028949978e+02 -7.140983244977920208e+01 3.012830820458290981e-01 1.703797816962091929e+02 2.805510811678332939e+00
4.432160804020099931e+01 1.146550739415518620e+02 -7.134955121197063477e+01 2.347900189909691293e-01 1.798164732789178117e+02 1.935886855883927637e+01
4.462311557788944327e+01 1.145492638988325780e+02 -7.128913003219943789e+01 2.351255401334931550e-01 1.798540801599370695e+02 1.940269850228847659e+01
4.492462311557788723e+01 1.144440043896360919e+02 -7.122856952448046286e+01 2.354619556919043122e-01 1.798914069228123935e+02 1.944690513845138113e+01
4.522613065326632409e+01 1.143392901553988281e+02 -7.116787029990007341e+01 2.357992601206088390e-01 1.799284527069796411e+02 1.949148680928253441e+01
4.552763819095476805e+01 1.142351159641652458e+02 -7.110703296666352458e+01 2.361374478956193290e-01 1.799652166634578236e+02 1.953644185256261068e+01
4.582914572864321201e+01 1.141314766107407763e+02 -7.104605813019531979e+01 2.364765133091101534e-01 -1.799983020453177005e+02 1.958176860208528325e+01
4.613065326633165597e+01 1.140283669167152283e+02 -7.098494639316831467e+01 2.368164507445455758e-01 -1.799621042456379030e+02 1.962746538780232441e+01
4.643216080402009993e+01 1.138557377236375459e+02 -7.092646560156251212e+01 2.731212517156417219e-01 1.597623355933892810e+02 5.601045892937359660e+00
4.673366834170853679e+01 1.136317888643399669e+02 -7.086965925935311361e+01 3.244147120006463658e-01 1.494875248935778700e+02 -2.328294288432989134e+00
4.703517587939698075e+01 1.134092819737203115e+02 -7.081239675549392132e+01 3.245978668138022050e-01 1.495718706559117948e+02 -2.304064089589212827e+00
4.733668341708542471e+01 1.131882149777880358e+02 -7.075468121981708691e+01 3.247822640132730365e-01 1.496560490125961849e+02 -2.279369155069115749e+00
4.763819095477386156e+01 1.129685855578449463e+02 -7.069651577177950230e+01 3.249679004373783320e-01 1.497400573346415911e+02 -2.254210726693035571e+00
4.793969849246230552e+01 1.127494754618301727e+02 -7.063628449270319720e+01 3.267665142109504317e-01 1.507724651347318456e+02 -7.620467372191896960e-01
4.824120603015074948e+01 1.125233993156048626e+02 -7.056087075020738553e+01 3.549630079604537136e-01 1.589534949182717014e+02 1.168610735952701951e+01
4.854271356783919344e+01 1.122988865572190065e+02 -7.048510474150691607e+01 3.552225485584575293e-01 1.589756180042235201e+02 1.173503700640893932e+01
4.884422110552763741e+01 1.120759256013740242e+02 -7.040898973181785436e+01 3.554827173265219242e-01 1.589975331181659328e+02 1.178415802854214611e+01
4.914572864321607426e+01 1.118545048090502263e+02 -7.033252895562020512e+01 3.557435119757528241e-01 1.590192393913144429e+02 1.183346937691453959e+01
4.944723618090451822e+01 1.116346124928228392e+02 -7.025572561668582239e+01 3.560049303571560242e-01 1.590407359604081421e+02 1.188296999971208479e+01
4.974874371859296218e+01 1.114143959439910105e+02 -7.017582497606358061e+01 3.642371109233447091e-01 1.602066556741255852e+02 1.320044150176294728e+01
5.005025125628139904e+01 1.112317088835371095e+02 -7.007694535033584771e+01 3.923460314253377490e-01 1.729690888229798702e+02 1.733231501627235360e+01
5.035175879396984300e+01 1.112916678231835874e+02 -6.997778271261111627e+01 3.379374516713092858e-01 -1.487164546914388552e+02 -6.649993727918583453e+00
5.065326633165828696e+01 1.113508555705866598e+02 -6.987833019393687550e+01 3.387451630186227303e-01 -1.487542676515204221e+02 -6.534540528767161405e+00
5.095477386934673092e+01 1.114092770118210467e+02 -6.977858854181144466e+01 3.395525670327231849e-01 -1.487922221923501525e+02 -6.419297364052207300e+00
5.125628140703517488e+01 1.114669369941779706e+02 -6.967855850254548500e+01 3.403596621886043061e-01 -1.488303177784002571e+02 -6.304263670952738430e+00
5.155778894472361173e+01 1.115238403263009701e+02 -6.957824082121544507e+01 3.411664471172932145e-01 -1.488685538821679870e+02 -6.189438895146706088e+00
5.185929648241205570e+01 1.115828598603024346e+02 -6.946659053128323080e+01 3.796565940434595832e-01 -1.470627422346563264e+02 5.925003247952461694e-01
5.216080402010049966e+01 1.116448599129914214e+02 -6.933777878006443984e+01 4.463313738961364185e-01 -1.449641337614947929e+02 8.499631629853141135e+00
5.246231155778893651e+01 1.117053446543775408e+02 -6.920868640946275718e+01 4.471487045593566245e-01 -1.450442859622048957e+02 8.590796913609519692e+00
5.276381909547738047e+01 1.117643341611538403e+02 -6.907931526598844130e+01 4.479656415363294508e-01 -1.451244431514024029e+02 8.681829753256897320e+00
5.306532663316582443e+01 1.118218481390419754e+02 -6.894966716948820817e+01 4.487821834758503048e-01 -1.452046061584189829e+02 8.772729730292377681e+00
5.336683417085426839e+01 1.118803282502988026e+02 -6.882066488884922251e+01 4.434290921483588499e-01 -1.456660147753979402e+02 6.680043376778932895e+00
5.366834170854271235e+01 1.119792299117737286e+02 -6.870698700857758467e+01 4.534181734847063105e-01 -1.532193575688566227e+02 -3.299537553249472666e+01
5.396984924623114921e+01 1.120773680315308809e+02 -6.859300677816244729e+01 4.538541430216346262e-01 -1.532145246435422052e+02 -3.285755620938793697e+01
5.427135678391959317e+01 1.121747479559821556e+02 -6.847872500612905355e+01 4.542901267210479044e-01 -1.532099335199756638e+02 -3.271987859061986370e+01
5.457286432160803713e+01 1.122713749758873547e+02 -6.836414250041133300e+01 4.547261228679572165e-01 -1.532055825453370517e+02 -3.258234272572758528e+01
5.487437185929647399e+01 1.123672543269868811e+02 -6.824926006829809921e+01 4.551621299674740717e-01 -1.532014700869913213e+02 -3.244494866258231269e+01
5.517587939698491795e+01 1.124623911906352589e+02 -6.813407851637035151e+01 4.555981467793106532e-01 -1.531975945321879351e+02 -3.230769644745394231e+01
5.547738693467336191e+01 1.125567906942961969e+02 -6.801859865060015409e+01 4.560341716771995624e-01 -1.531939542877840665e+02 -3.217058612501053005e+01
5.577889447236180587e+01 1.126504579120809666e+02 -6.790282127639594023e+01 4.564702028636548059e-01 -1.531905477799831203e+02 -3.203361773838008730e+01
5.608040201005024983e+01 1.127101534549824748e+02 -6.776717180927130357e+01 4.818982363851355144e-01 -1.556232975797353788e+02 -2.016380400298995568e+01
5.638190954773868668e+01 1.127467323854898353e+02 -6.761815716701039491e+01 5.098061535162815572e-01 -1.569317379297206401e+02 -1.300780997383862392e+01
5.668341708542713064e+01 1.127826361430193032e+02 -6.746893545815112248e+01 5.102851271727421034e-01 -1.569600789559396503e+02 -1.289733273697567029e+01
5.698492462311557460e+01 1.128178728666696742e+02 -6.731950745863474594e+01 5.107638516250905258e-01 -1.569885334506299444e+02 -1.278698932756185158e+01
5.728643216080401146e+01 1.128524505147991022e+02 -6.716987394057190386e+01 5.112423264327466965e-01 -1.570171013116478207e+02 -1.267677983958996535e+01
5.758793969849245542e+01 1.128894699775806885e+02 -6.702985512704327675e+01 4.924298373714426358e-01 -1.588391690319727445e+02 -1.851667717604815522e+01
5.788944723618089938e+01 1.129486982910532333e+02 -6.695781975779863160e+01 5.392961717747163375e-01 1.772735554316281537e+02 -6.040292565168376626e+01
5.819095477386934334e+01 1.130083667467674360e+02 -6.688549783270775606e+01 5.393903168242822899e-01 1.774889200405216627e+02 -6.032163718518437179e+01
5.849246231155778730e+01 1.130684687898567091e+02 -6.681288951138884613e+01 5.394847392167539946e-01 1.777029069264577856e+02 -6.023989297044338542e+01
5.879396984924622416e+01 1.131289979048214320e+02 -6.673999495122521353e+01 5.395794375456725023e-01 1.779155203712897162e+02 -6.015769775458164759e+01
5.909547738693466812e+01 1.131899476158039306e+02 -6.666681430743875580e+01 5.396744107653230760e-01 1.781267647890263106e+02 -6.007505625496282420e+01
5.939698492462311208e+01 1.132513114867908683e+02 -6.659334773323507761e+01 5.397696576502470922e-01 1.783366447213659853e+02 -5.999197315891807847e+01
5.969849246231154893e+01 1.133130831218099388e+02 -6.651959537993900540e+01 5.398651768554149077e-01 1.785451648333754804e+02 -5.990845312340913864e+01
6.000000000000000000e+01 1.133752561652108994e+02 -6.644555739701343100e+01 -5.399609677563177446e-01 -1.247670090829985146e+00 5.982450077476789119e+01
