0.000000000000000000e+00 0.000000000000000000e+00 -9.000000000000000000e+01
3.015075376884421843e-01 1.293487917735955364e+02 -8.984895955383615274e+01
6.030150753768843686e-01 1.293635746821606745e+02 -8.969790543286896423e+01
9.045226130653265528e-01 1.293783800813514233e+02 -8.954683778927730486e+01
1.206030150753768737e+00 1.293932081518667303e+02 -8.939575677547290411e+01
1.507537688442210921e+00 1.294080590747051360e+02 -8.924466254425115608e+01
1.809045226130653106e+00 1.294229330311707713e+02 -8.909355524871969578e+01
2.110552763819095290e+00 1.294378302028672749e+02 -8.894243504239400977e+01
2.412060301507537474e+00 1.294527507717043022e+02 -8.879130207912749029e+01
2.713567839195979658e+00 1.294676949198999978e+02 -8.864015651313223998e+01
3.015075376884421843e+00 1.294826628299776416e+02 -8.848899849900757886e+01
3.316582914572864027e+00 1.294976546847706516e+02 -8.833782819173001144e+01
3.618090452261306211e+00 1.295126706674230093e+02 -8.818664574665450573e+01
3.919597989949748396e+00 1.295277109614009703e+02 -8.803545131942982493e+01
4.221105527638190580e+00 1.295427757504773183e+02 -8.788424506618008536e+01
4.522613065326632764e+00 1.295578652187472528e+02 -8.773302714335122232e+01
4.824120603015074948e+00 1.295729795506258881e+02 -8.758179770776754935e+01
5.125628140703517133e+00 1.295881189308461501e+02 -8.743055691667186125e+01
5.427135678391959317e+00 1.296032835444692068e+02 -8.727930492764340897e+01
5.728643216080401501e+00 1.296184735768808025e+02 -8.712804189865283888e+01
6.030150753768843686e+00 1.296336892137919676e+02 -8.697676798808049625e+01
6.331658291457285870e+00 1.296489306412410656e+02 -8.682548335470988832e+01
6.633165829145728054e+00 1.296641980455996475e+02 -8.667418815769215712e+01
6.934673366834170238e+00 1.296794916135762605e+02 -8.652288255653240867e+01
7.236180904522612423e+00 1.296948115322101955e+02 -8.637156671117611495e+01
7.537688442211054607e+00 1.297101579888765457e+02 -8.622024078197296149e+01
7.839195979899496791e+00 1.297255311712896741e+02 -8.606890492966297757e+01
8.140703517587938975e+00 1.297409312675054878e+02 -8.591755931538006053e+01
8.442211055276381160e+00 1.297563584659207550e+02 -8.576620410067528155e+01
8.743718592964823344e+00 1.297718129552800121e+02 -8.561483944747448049e+01
9.045226130653265528e+00 1.297872949246728069e+02 -8.546346551812536063e+01
9.346733668341707713e+00 1.298028045635363696e+02 -8.531208247539245804e+01
9.648241206030149897e+00 1.298183420616578303e+02 -8.516069048245145723e+01
9.949748743718592081e+00 1.298339076091777713e+02 -8.500928970288364894e+01
1.025125628140703427e+01 1.297470308039269753e+02 -8.485068849498782129e+01
1.055276381909547645e+01 1.296465710950234040e+02 -8.469060656889192273e+01
1.085427135678391863e+01 1.295530356436377986e+02 -8.453047853819757051e+01
1.115577889447236082e+01 1.292779723144358286e+02 -8.438084540561601443e+01
1.145728643216080300e+01 1.289856402434535028e+02 -8.423290606695752558e+01
1.175879396984924519e+01 1.287091736738998407e+02 -8.408477262250809758e+01
1.206030150753768737e+01 1.284474304476211159e+02 -8.393645755276443765e+01
1.236180904522612956e+01 1.281993740759523348e+02 -8.378797218188108786e+01
1.266331658291457174e+01 1.279640619604570873e+02 -8.363932680933820052e+01
1.296482412060301392e+01 1.277406351334863928e+02 -8.349053082428082462e+01
1.326633165829145611e+01 1.275283092975933386e+02 -8.334159280492076505e+01
1.356783919597989829e+01 1.273263669787575907e+02 -8.319252060533341364e+01
1.386934673366834048e+01 1.271341506372654067e+02 -8.304332143148420187e+01
1.417085427135678266e+01 1.269510566040563901e+02 -8.289400190784485289e+01
1.447236180904522485e+01 1.267765297310428991e+02 -8.274456813615492479e+01
1.477386934673366703e+01 1.266100586599297912e+02 -8.259502574710660383e+01
1.507537688442210921e+01 1.264511716288890852e+02 -8.244537994619020083e+01
1.537688442211055140e+01 1.262994327475111618e+02 -8.229563555422441823e+01
1.567839195979899358e+01 1.261544386808816540e+02 -8.214579704341127808e+01
1.597989949748743577e+01 1.260158156917524650e+02 -8.199586856947303204e+01
1.628140703517587795e+01 1.258832169967542427e+02 -8.184585400022683643e+01
1.658291457286431836e+01 1.257563203989452916e+02 -8.169575694125407495e+01
1.688442211055276232e+01 1.256348261636180297e+02 -8.154558075875917211e+01
1.718592964824120628e+01 1.255184551091331855e+02 -8.139532860021407146e+01
1.748743718592964669e+01 1.254069468878168436e+02 -8.124500341283095395e+01
1.778894472361808710e+01 1.253000584354687419e+02 -8.109460796025345530e+01
1.809045226130653106e+01 1.251975625705608479e+02 -8.094414483757813628e+01
1.839195979899497502e+01 1.250992467266918879e+02 -8.079361648496347925e+01
1.869346733668341543e+01 1.250049118038004110e+02 -8.064302519993779583e+01
1.899497487437185583e+01 1.249143711254404820e+02 -8.049237314855878367e+01
1.929648241206029979e+01 1.248274494909276626e+02 -8.034166237553444034e+01
1.959798994974874375e+01 1.247439823125180993e+02 -8.019089481345969261e+01
1.989949748743718416e+01 1.246638148288695902e+02 -8.004007229121074829e+01
2.020100502512562457e+01 1.246192621674725558e+02 -7.987276575761563890e+01
2.050251256281406853e+01 1.246781907738097459e+02 -7.968494496632601454e+01
2.080402010050251249e+01 1.247357559917082028e+02 -7.949710709643878204e+01
2.110552763819095290e+01 1.247920317157205403e+02 -7.930925252922685331e+01
2.140703517587939331e+01 1.248470867701229423e+02 -7.912138162952157927e+01
2.170854271356783727e+01 1.249009853378871071e+02 -7.893349474706744218e+01
2.201005025125628123e+01 1.249537873468274825e+02 -7.874559221780975804e+01
2.231155778894472164e+01 1.250055488178191467e+02 -7.855767436516003954e+01
2.261306532663316204e+01 1.250563221794490545e+02 -7.836974150091407409e+01
2.291457286432160600e+01 1.251061565527137560e+02 -7.818179392624392676e+01
2.321608040201004997e+01 1.251550980090665206e+02 -7.799383193264154102e+01
2.351758793969849037e+01 1.252031898047443974e+02 -7.780585580256371259e+01
2.381909547738693078e+01 1.252504725937788521e+02 -7.761786581021178222e+01
2.412060301507537474e+01 1.252969846219801866e+02 -7.742986222218038961e+01
2.442211055276381870e+01 1.253427619038307341e+02 -7.724184529806206001e+01
2.472361809045225911e+01 1.253878383840202133e+02 -7.705381529100142757e+01
2.502512562814069952e+01 1.254322460851733325e+02 -7.686577244813406651e+01
2.532663316582914348e+01 1.254760152430908136e+02 -7.667771701107355398e+01
2.562814070351758744e+01 1.255191744307527699e+02 -7.648964921629260516e+01
2.592964824120602785e+01 1.255617506721271042e+02 -7.630156929554541989e+01
2.623115577889446826e+01 1.256037695467721989e+02 -7.611347747621874760e+01
2.653266331658291222e+01 1.256452552860868082e+02 -7.592537398163398166e+01
2.683417085427135618e+01 1.256862308619652282e+02 -7.573725903135192539e+01
2.713567839195979658e+01 1.257267180685605155e+02 -7.554913284141997565e+01
2.743718592964823699e+01 1.257667375977512165e+02 -7.536099562466742441e+01
2.773869346733668095e+01 1.258063091088919379e+02 -7.517284759094022206e+01
2.804020100502512491e+01 1.258454512933458318e+02 -7.498468894728426903e+01
2.834170854271356532e+01 1.258841819342326147e+02 -7.479651989816071023e+01
2.864321608040200573e+01 1.259225179618040897e+02 -7.460834064567433188e+01
2.894472361809044969e+01 1.259604755048332123e+02 -7.442015138972703880e+01
2.924623115577889365e+01 1.259980699383487917e+02 -7.423195232809666777e+01
2.954773869346733406e+01 1.260353159279680995e+02 -7.404374365669099234e+01
2.984924623115577447e+01 1.260722274711687731e+02 -7.385552556963978077e+01
3.015075376884421843e+01 1.261151392531628233e+02 -7.364952889763264920e+01
3.045226130653266239e+01 1.261637827987022291e+02 -7.342575075281214936e+01
3.075376884422110280e+01 1.262118434179587467e+02 -7.320196217002748540e+01
3.105527638190954320e+01 1.262593464145433586e+02 -7.297816345448785569e+01
3.135678391959798716e+01 1.263063158028062105e+02 -7.275435490594415455e+01
3.165829145728643113e+01 1.263527743902267844e+02 -7.253053681907923078e+01
3.195979899497487153e+01 1.263987438535821752e+02 -7.230670948381740004e+01
3.226130653266331194e+01 1.264442448094121403e+02 -7.208287318567403190e+01
3.256281407035175590e+01 1.264892968792974841e+02 -7.185902820601731378e+01
3.286432160804019986e+01 1.265339187503766283e+02 -7.163517482232708744e+01
3.316582914572863672e+01 1.265809819746860967e+02 -7.143703634120117840e+01
3.346733668341708068e+01 1.266389064597358072e+02 -7.133102329235134675e+01
3.376884422110552464e+01 1.266968222307483387e+02 -7.122506173816233854e+01
3.407035175879396860e+01 1.267547306799565661e+02 -7.111915191216272092e+01
3.437185929648241256e+01 1.268126331706491072e+02 -7.101329404788563693e+01
3.467336683417084942e+01 1.268705310379940698e+02 -7.090748837887079503e+01
3.497487437185929338e+01 1.269284255898010372e+02 -7.080173513872739477e+01
3.527638190954773734e+01 1.269863181073025657e+02 -7.069603456111158835e+01
3.557788944723617419e+01 1.270442098459431577e+02 -7.059038687964292080e+01
3.587939698492461815e+01 1.271021020360402076e+02 -7.048479232800946193e+01
3.618090452261306211e+01 1.271599958834905948e+02 -7.037925113994523940e+01
3.648241206030150607e+01 1.272178925704709940e+02 -7.027376354917672074e+01
3.678391959798995003e+01 1.272757932560428742e+02 -7.016832978950341726e+01
3.708542713567838689e+01 1.273336990767794390e+02 -7.006295009479902092e+01
3.738693467336683085e+01 1.273916111474217558e+02 -6.995762469892196123e+01
3.768844221105527481e+01 1.274495305614355942e+02 -6.985235383577105495e+01
3.798994974874371167e+01 1.275074583915657200e+02 -6.974713773931091509e+01
3.829145728643215563e+01 1.275653956904020987e+02 -6.964197664354279027e+01
3.859296482412059959e+01 1.276233434908947117e+02 -6.953687078253568643e+01
3.889447236180904355e+01 1.276813028069087892e+02 -6.943182039035519892e+01
3.919597989949748751e+01 1.277392746336764304e+02 -6.932682570114843656e+01
3.949748743718592436e+01 1.277972599482996685e+02 -6.922188694910926188e+01
3.979899497487436832e+01 1.278552597102312092e+02 -6.911700436845450213e+01
4.010050251256281229e+01 1.278851033794305607e+02 -6.903161661421697204e+01
4.040201005025124914e+01 1.277665140675054971e+02 -6.899014187361393624e+01
4.070351758793969310e+01 1.276483688033446100e+02 -6.894855911523291070e+01
4.100502512562813706e+01 1.275306661556213754e+02 -6.890686878418958372e+01
4.130653266331658102e+01 1.274134046882533511e+02 -6.886507132317549917e+01
4.160804020100502498e+01 1.272965829603937493e+02 -6.882316717238498427e+01
4.190954773869346184e+01 1.271801995269278649e+02 -6.878115676962323732e+01
4.221105527638190580e+01 1.270642529385006299e+02 -6.873904055024863169e+01
4.251256281407034976e+01 1.269487417420427704e+02 -6.869681894729734495e+01
4.281407035175878661e+01 1.268336644802126472e+02 -6.865449239121349478e+01
4.311557788944723058e+01 1.267190196924157561e+02 -6.861206131015606502e+01
4.341708542713567454e+01 1.266048059146953761e+02 -6.856952612989692852e+01
4.371859296482411850e+01 1.264910216795871918e+02 -6.852688727370261290e+01
4.402010050251256246e+01 1.264832440880110909e+02 -6.851186535994318660e+01
4.432160804020099931e+01 1.265145936658239378e+02 -6.850704489841180589e+01
4.462311557788944327e+01 1.265459711413394643e+02 -6.850218136125283763e+01
4.492462311557788723e+01 1.265773760992181565e+02 -6.849727468398393171e+01
4.522613065326632409e+01 1.266088081227822926e+02 -6.849232480266783796e+01
4.552763819095476805e+01 1.266402667957259212e+02 -6.848733165364848219e+01
4.582914572864321201e+01 1.266717517021250643e+02 -6.848229517354931772e+01
4.613065326633165597e+01 1.267032624264476510e+02 -6.847721529927093798e+01
4.643216080402009993e+01 1.267347985516246638e+02 -6.847209196830405631e+01
4.673366834170853679e+01 1.267663596610013315e+02 -6.846692511841970941e+01
4.703517587939698075e+01 1.267979453371365679e+02 -6.846171468786661762e+01
4.733668341708542471e+01 1.268295551635094114e+02 -6.845646061509353331e+01
4.763819095477386156e+01 1.268611887238018738e+02 -6.845116283886594033e+01
4.793969849246230552e+01 1.268928456009419108e+02 -6.844582129842839890e+01
4.824120603015074948e+01 1.269245253783243612e+02 -6.844043593330297881e+01
4.854271356783919344e+01 1.269562276395785432e+02 -6.843500668332816872e+01
4.884422110552763741e+01 1.269879519676133128e+02 -6.842953348882454634e+01
4.914572864321607426e+01 1.270196979439069338e+02 -6.842401629072435298e+01
4.944723618090451822e+01 1.270514651528590946e+02 -6.841845502981834670e+01
4.974874371859296218e+01 1.270832531774585874e+02 -6.841284964750724384e+01
5.005025125628139904e+01 1.270941136352581537e+02 -6.838942166405104217e+01
5.035175879396984300e+01 1.270005665937935220e+02 -6.827709019156787917e+01
5.065326633165828696e+01 1.269075482758770619e+02 -6.816478939495365807e+01
5.095477386934673092e+01 1.268150484232515112e+02 -6.805251986290033983e+01
5.125628140703517488e+01 1.267230569878479969e+02 -6.794028217562976124e+01
5.155778894472361173e+01 1.266315641264147445e+02 -6.782807690500456488e+01
5.185929648241205570e+01 1.264745216428613759e+02 -6.768969169098778593e+01
5.216080402010049966e+01 1.262603907879411480e+02 -6.752782771710801057e+01
5.246231155778893651e+01 1.260484823356373170e+02 -6.736587606658585514e+01
5.276381909547738047e+01 1.258387453158353253e+02 -6.720384108820914548e+01
5.306532663316582443e+01 1.256311300980539443e+02 -6.704172701426435310e+01
5.336683417085426839e+01 1.254121815017970363e+02 -6.688407814008522223e+01
5.366834170854271235e+01 1.251479070298610594e+02 -6.674229291009569920e+01
5.396984924623114921e+01 1.248855765238038202e+02 -6.660039562580308825e+01
5.427135678391959317e+01 1.246251527022435965e+02 -6.645838999134755909e+01
5.457286432160803713e+01 1.243665990968146673e+02 -6.631627961513618175e+01
5.487437185929647399e+01 1.241098800328787917e+02 -6.617406801247000203e+01
5.517587939698491795e+01 1.238549606105997043e+02 -6.603175860804410036e+01
5.547738693467336191e+01 1.236018066866763689e+02 -6.588935473849113578e+01
5.577889447236180587e+01 1.233503848562332621e+02 -6.574685965469547000e+01
5.608040201005024983e+01 1.231006624352390588e+02 -6.560427652409015309e+01
5.638190954773868668e+01 1.228526074434857520e+02 -6.546160843296337362e+01
5.668341708542713064e+01 1.226061885878237518e+02 -6.531885838861015259e+01
5.698492462311557460e+01 1.223613752457585946e+02 -6.517602932139101313e+01
5.728643216080401146e+01 1.221181374496188852e+02 -6.503312408682896262e+01
5.758793969849245542e+01 1.218764458709959086e+02 -6.489014546757698554e+01
5.788944723618089938e+01 1.216362718055047338e+02 -6.474709617529015304e+01
5.819095477386934334e+01 1.213975871581150727e+02 -6.460397885255642336e+01
5.849246231155778730e+01 1.211603644286394683e+02 -6.446079607464852756e+01
5.879396984924622416e+01 1.209245766976486038e+02 -6.431755035126235498e+01
5.909547738693466812e+01 1.206901976128271770e+02 -6.417424412825840818e+01
5.939698492462311208e+01 1.204572013755934279e+02 -6.403087978930645363e+01
5.969849246231154893e+01 1.202255627279702566e+02 -6.388745965742990052e+01
6.000000000000000000e+01 1.199952569399238342e+02 -6.374398599658900366e+01
