0.000000000000000000e+00 0.000000000000000000e+00 -9.000000000000000000e+01 0.000000000000000000e+00
3.015075376884421843e-01 1.265212815182463686e+02 -8.978804807301708024e+01 -7.392113659042585105e-01
6.030150753768843686e-01 1.265433313480664310e+02 -8.957606293978528811e+01 -7.392560180126939162e-01
9.045226130653265528e-01 1.265653418282657157e+02 -8.936404475818170567e+01 -7.393006247864243319e-01
1.206030150753768737e+00 1.265873132619758508e+02 -8.915199368569494709e+01 -7.393451862336557490e-01
1.507537688442210921e+00 1.266092459519659030e+02 -8.893990987946494897e+01 -7.393897022092279503e-01
1.809045226130653106e+00 1.266311402006564464e+02 -8.872779349621765732e+01 -7.394341728308861939e-01
2.110552763819095290e+00 1.266529963101182972e+02 -8.851564469234168087e+01 -7.394785979534765907e-01
2.412060301507537474e+00 1.266748145820861424e+02 -8.830346362383460246e+01 -7.395229776290065393e-01
2.713567839195979658e+00 1.267283548720003239e+02 -8.809152582493251771e+01 -7.395778434336665041e-01
3.015075376884421843e+00 1.268231801317493677e+02 -8.788000688292305540e+01 -7.397025006704253114e-01
3.316582914572864027e+00 1.269049502218201297e+02 -8.766845261999569061e+01 -7.397458701924348734e-01
3.618090452261306211e+00 1.269769116989007927e+02 -8.745686387596532541e+01 -7.397891938616111274e-01
3.919597989949748396e+00 1.270413146060433434e+02 -8.724524128184017968e+01 -7.398324716860094075e-01
4.221105527638190580e+00 1.270997675903833937e+02 -8.703358533415092779e+01 -7.398757035204203136e-01
4.522613065326632764e+00 1.271534512670596939e+02 -8.682189643952617075e+01 -7.399188894166895958e-01
4.824120603015074948e+00 1.272032517254966422e+02 -8.661017494263225558e+01 -7.399620293828601536e-01
5.125628140703517133e+00 1.272498470006219691e+02 -8.639842114427580100e+01 -7.400051233831856923e-01
5.427135678391959317e+00 1.272937647691016281e+02 -8.618663531348084916e+01 -7.400481713600309819e-01
5.728643216080401501e+00 1.273354218547885779e+02 -8.597481769574196164e+01 -7.400911732995398840e-01
6.030150753768843686e+00 1.273456621880932289e+02 -8.576395628999935639e+01 -7.370839378074635073e-01
6.331658291457285870e+00 1.271038684878131022e+02 -8.556192548285068256e+01 -7.131342521983004001e-01
6.633165829145728054e+00 1.268851249470168057e+02 -8.535977987123652611e+01 -7.131764243879257226e-01
6.934673366834170238e+00 1.266865543504462579e+02 -8.515753045136804644e+01 -7.132185518627955911e-01
7.236180904522612423e+00 1.265057376575081349e+02 -8.495518648601063205e+01 -7.132606343583083319e-01
7.537688442211054607e+00 1.263406265031384379e+02 -8.475275583668189938e+01 -7.133026718824244661e-01
7.839195979899496791e+00 1.261894749711670300e+02 -8.455024522241802742e+01 -7.133446644885104160e-01
8.140703517587938975e+00 1.260507858728682606e+02 -8.434766042333706082e+01 -7.133866121617915557e-01
8.442211055276381160e+00 1.259232680625608509e+02 -8.414500644220257186e+01 -7.134285149328987163e-01
8.743718592964823344e+00 1.258058022369356053e+02 -8.394228763382668035e+01 -7.134703726508175858e-01
9.045226130653265528e+00 1.256974133170286052e+02 -8.373950780940546679e+01 -7.135121853234767109e-01
9.346733668341707713e+00 1.255972479829177786e+02 -8.353667032133992620e+01 -7.135539530495993432e-01
9.648241206030149897e+00 1.255045562749929786e+02 -8.333377813274225332e+01 -7.135956757235789594e-01
9.949748743718592081e+00 1.254186764291979870e+02 -8.313083387459334972e+01 -7.136373534214127679e-01
1.025125628140703427e+01 1.253535219194094168e+02 -8.292884075506628960e+01 -7.087564712747406181e-01
1.055276381909547645e+01 1.252960427181305647e+02 -8.272700882304633296e+01 -7.078198635382115800e-01
1.085427135678391863e+01 1.252428763455412053e+02 -8.252514044887004729e+01 -7.078599310466094918e-01
1.115577889447236082e+01 1.251060062712842722e+02 -8.233555171604547240e+01 -6.769785211287978610e-01
1.145728643216080300e+01 1.249616853571606043e+02 -8.214807988911093162e+01 -6.718762464819618696e-01
1.175879396984924519e+01 1.248253364531179272e+02 -8.196052159294322337e+01 -6.719028376759281773e-01
1.206030150753768737e+01 1.246964172576617500e+02 -8.177288152262858034e+01 -6.719293961405021776e-01
1.236180904522612956e+01 1.245744332953711506e+02 -8.158516396762587419e+01 -6.719559219036707054e-01
1.266331658291457174e+01 1.244589327829043128e+02 -8.139737285563549563e+01 -6.719824148487792970e-01
1.296482412060301392e+01 1.243495021396333442e+02 -8.120951179081919236e+01 -6.720088750761273877e-01
1.326633165829145611e+01 1.242457620509276950e+02 -8.102158408739498441e+01 -6.720353024690617350e-01
1.356783919597989829e+01 1.241473640064975115e+02 -8.083359279904098571e+01 -6.720616971037636223e-01
1.386934673366834048e+01 1.240539872485883990e+02 -8.064554074487588764e+01 -6.720880589358890767e-01
1.417085427135678266e+01 1.239653360746454354e+02 -8.045743053235142384e+01 -6.721143879933986209e-01
1.447236180904522485e+01 1.238811374475370854e+02 -8.026926457756417221e+01 -6.721406842078446742e-01
1.477386934673366703e+01 1.238011388732771678e+02 -8.008104512322171331e+01 -6.721669476312792657e-01
1.507537688442210921e+01 1.237251065121161986e+02 -7.989277425468625893e+01 -6.721931781952524831e-01
1.537688442211055140e+01 1.236528234936428134e+02 -7.970445391421833392e+01 -6.722193759277078629e-01
1.567839195979899358e+01 1.235840884107606286e+02 -7.951608591374557022e+01 -6.722455407842915509e-01
1.597989949748743577e+01 1.235187139707990838e+02 -7.932767194624665308e+01 -6.722716728170323730e-01
1.628140703517587795e+01 1.234565257850488393e+02 -7.913921359602670691e+01 -6.722977719333813607e-01
1.658291457286431836e+01 1.233973612804195170e+02 -7.895071234786044556e+01 -6.723238382335448016e-01
1.688442211055276232e+01 1.233410687191852304e+02 -7.876216959533994100e+01 -6.723498715767856071e-01
1.718592964824120628e+01 1.232875063144565502e+02 -7.857358664828166184e+01 -6.723758720392060129e-01
1.748743718592964669e+01 1.232365414307315064e+02 -7.838496473949302867e+01 -6.724018396246200791e-01
1.778894472361808710e+01 1.231880498601286860e+02 -7.819630503089911144e+01 -6.724277742645689004e-01
1.809045226130653106e+01 1.231419151660822422e+02 -7.800760861905601473e+01 -6.724536759628636506e-01
1.839195979899497502e+01 1.230980280873023958e+02 -7.781887654016219358e+01 -6.724795447714861929e-01
1.869346733668341543e+01 1.230562859956676505e+02 -7.763010977467379803e+01 -6.725053805737987167e-01
1.899497487437185583e+01 1.230165924024150144e+02 -7.744130925140410682e+01 -6.725311834699477798e-01
1.929648241206029979e+01 1.229788565077379445e+02 -7.725247585137034889e+01 -6.725569533673816380e-01
1.959798994974874375e+01 1.229429927893721555e+02 -7.706361041122431743e+01 -6.725826902939771035e-01
1.989949748743718416e+01 1.229089206263203948e+02 -7.687471372642613687e+01 -6.726083942535190374e-01
2.020100502512562457e+01 1.229036080359775696e+02 -7.668287627021686603e+01 -6.790557697707608753e-01
2.050251256281406853e+01 1.229599915676555497e+02 -7.648651418087041520e+01 -6.883972859920189924e-01
2.080402010050251249e+01 1.230155284283154344e+02 -7.629014168395784168e+01 -6.884381649895267019e-01
2.110552763819095290e+01 1.230702556169338351e+02 -7.609375904618809727e+01 -6.884789520127602147e-01
2.140703517587939331e+01 1.231242080892518516e+02 -7.589736652556700847e+01 -6.885196472192237627e-01
2.170854271356783727e+01 1.231774188976962137e+02 -7.570096437204756512e+01 -6.885602505781468485e-01
2.201005025125628123e+01 1.232299193199698095e+02 -7.550455282810500535e+01 -6.886007619646343780e-01
2.231155778894472164e+01 1.232817389773677093e+02 -7.530813212924161348e+01 -6.886411812537842625e-01
2.261306532663316204e+01 1.233329059437733406e+02 -7.511170250439118945e+01 -6.886815085323748642e-01
2.291457286432160600e+01 1.233834468461466685e+02 -7.491526417636137580e+01 -6.887217438400887737e-01
2.321608040201004997e+01 1.234333869572727735e+02 -7.471881736229667581e+01 -6.887618869813798561e-01
2.351758793969849037e+01 1.234827502815058438e+02 -7.452236227396409163e+01 -6.888019380429130090e-01
2.381909547738693078e+01 1.235315596340620345e+02 -7.432589911810546823e+01 -6.888418970642649075e-01
2.412060301507537474e+01 1.235798367144309822e+02 -7.412942809680461664e+01 -6.888817638968534052e-01
2.442211055276381870e+01 1.236276021744339175e+02 -7.393294940776513613e+01 -6.889215384391191854e-01
2.472361809045225911e+01 1.236748756813744876e+02 -7.373646324452013801e+01 -6.889612208010916783e-01
2.502512562814069952e+01 1.237216759766486405e+02 -7.353996979675682155e+01 -6.890008108341277859e-01
2.532663316582914348e+01 1.237680209302450862e+02 -7.334346925050968480e+01 -6.890403085306339159e-01
2.562814070351758744e+01 1.238139275914444113e+02 -7.314696178833753493e+01 -6.890797140240242369e-01
2.592964824120602785e+01 1.238594122359886853e+02 -7.295044758963302911e+01 -6.891190270715503718e-01
2.623115577889446826e+01 1.239044904100843496e+02 -7.275392683070418798e+01 -6.891582478065559902e-01
2.653266331658291222e+01 1.239491769714000782e+02 -7.255739968501745807e+01 -6.891973761272843779e-01
2.683417085427135618e+01 1.240363600079896145e+02 -7.234089348843085077e+01 -7.446084355973735525e-01
2.713567839195979658e+01 1.241339810438524438e+02 -7.211859836868893581e+01 -7.619367461245933892e-01
2.743718592964823699e+01 1.242296669418968236e+02 -7.189625961244172458e+01 -7.619825766237020570e-01
2.773869346733668095e+01 1.243234887574614902e+02 -7.167387853848904911e+01 -7.620283135565042443e-01
2.804020100502512491e+01 1.244155141844144339e+02 -7.145145640708275891e+01 -7.620739568760792615e-01
2.834170854271356532e+01 1.245058077515680282e+02 -7.122899442334141895e+01 -7.621195066417553177e-01
2.864321608040200573e+01 1.245944310055090227e+02 -7.100649374049274343e+01 -7.621649627852932207e-01
2.894472361809044969e+01 1.246867583978851570e+02 -7.077298302134158803e+01 -8.003337486330820427e-01
2.924623115577889365e+01 1.247785849937405231e+02 -7.053688742168230874e+01 -8.092254563327172523e-01
2.954773869346733406e+01 1.248687202841378223e+02 -7.030075385252453657e+01 -8.092702863177344552e-01
2.984924623115577447e+01 1.249572253244337645e+02 -7.006458347482987392e+01 -8.093150216904484440e-01
3.015075376884421843e+01 1.250466024698425116e+02 -6.982898420029775366e+01 -8.070328177862343688e-01
3.045226130653266239e+01 1.251368179857878147e+02 -6.959395424861662605e+01 -8.047734791816861799e-01
3.075376884422110280e+01 1.252254694842750951e+02 -6.935888869550313984e+01 -8.048162424008395988e-01
3.105527638190954320e+01 1.252989710165175126e+02 -6.913987028878813135e+01 -7.543384831407257129e-01
3.135678391959798716e+01 1.253588554773236154e+02 -6.893598672513235215e+01 -7.079288341196630086e-01
3.165829145728643113e+01 1.254180950279627353e+02 -6.873209289634925767e+01 -7.079667290496591825e-01
3.195979899497487153e+01 1.254767091973753708e+02 -6.852818912858083422e+01 -7.080045335011473373e-01
3.226130653266331194e+01 1.255347167917211522e+02 -6.832427573967027001e+01 -7.080422473513532378e-01
3.256281407035175590e+01 1.255921359279144554e+02 -6.812035303952922050e+01 -7.080798705690010131e-01
3.286432160804019986e+01 1.256489840653199366e+02 -6.791642133046434537e+01 -7.081174032829135045e-01
3.316582914572863672e+01 1.257098889608014360e+02 -6.771776449562563016e+01 -6.930020522913346026e-01
3.346733668341708068e+01 1.257866970084380966e+02 -6.753800381960743948e+01 -6.405044874086013307e-01
3.376884422110552464e+01 1.258565470924760774e+02 -6.739286855822135180e+01 -5.713976489034318096e-01
3.407035175879396860e+01 1.259253332533961611e+02 -6.725195236489520312e+01 -5.650019814174521704e-01
3.437185929648241256e+01 1.259937998989610151e+02 -6.711104599917237579e+01 -5.650714794365069293e-01
3.467336683417084942e+01 1.260619540728001056e+02 -6.697014976456065938e+01 -5.651409082302393250e-01
3.497487437185929338e+01 1.261298026528705236e+02 -6.682926396212130271e+01 -5.652102678528182489e-01
3.527638190954773734e+01 1.261973523564244886e+02 -6.668838889062584485e+01 -5.652795580718054103e-01
3.557788944723617419e+01 1.262646097448601523e+02 -6.654752484658158096e+01 -5.653487788840668715e-01
3.587939698492461815e+01 1.263315812283620119e+02 -6.640667212433271516e+01 -5.654179302004995744e-01
3.618090452261306211e+01 1.263982730703872903e+02 -6.626583101613701388e+01 -5.654870119320183353e-01
3.648241206030150607e+01 1.264646913919975617e+02 -6.612500181223319373e+01 -5.655560240181972675e-01
3.678391959798995003e+01 1.265308421760285569e+02 -6.598418480092675509e+01 -5.656249663413378537e-01
3.708542713567838689e+01 1.265967312711316168e+02 -6.584338026863775895e+01 -5.656938388696776121e-01
3.738693467336683085e+01 1.266623643956582725e+02 -6.570258849998208461e+01 -5.657626415141810972e-01
3.768844221105527481e+01 1.267277471414082726e+02 -6.556180977785757591e+01 -5.658313740999471042e-01
3.798994974874371167e+01 1.267928849772816164e+02 -6.542104438345637618e+01 -5.659000366525029913e-01
3.829145728643215563e+01 1.268342267500893428e+02 -6.532038088768476314e+01 -4.107459289085032550e-01
3.859296482412059959e+01 1.268619847836627059e+02 -6.524276220847556829e+01 -3.219430969754778493e-01
3.889447236180904355e+01 1.268897270334609004e+02 -6.516513923325305768e+01 -3.220066387827092980e-01
3.919597989949748751e+01 1.269174538838072408e+02 -6.508751201841499778e+01 -3.220701192677684621e-01
3.949748743718592436e+01 1.269451657149379145e+02 -6.500988062039382953e+01 -3.221335383663387342e-01
3.979899497487436832e+01 1.269728629030733913e+02 -6.493224509563339097e+01 -3.221968961146687849e-01
4.010050251256281229e+01 1.270211332624734126e+02 -6.485457309513932955e+01 -3.227159618547043030e-01
4.040201005025124914e+01 1.271103072484110896e+02 -6.477680109178942303e+01 -3.320365455373579522e-01
4.070351758793969310e+01 1.271991072497939967e+02 -6.469900593258435606e+01 -3.321079043147213139e-01
4.100502512562813706e+01 1.272875370332659060e+02 -6.462118802824053887e+01 -3.321791579880030709e-01
4.130653266331658102e+01 1.273756003242936998e+02 -6.454334778570503772e+01 -3.322503063810559043e-01
4.160804020100502498e+01 1.274633008077872631e+02 -6.446548560812991013e+01 -3.323213496589862426e-01
4.190954773869346184e+01 1.275506421285180920e+02 -6.438760189501698505e+01 -3.323922875967965096e-01
4.221105527638190580e+01 1.276376278916987133e+02 -6.430969704221348593e+01 -3.324631202131939078e-01
4.251256281407034976e+01 1.277242616635024888e+02 -6.423177144195224741e+01 -3.325338475754814338e-01
4.281407035175878661e+01 1.278105469714876392e+02 -6.415382548297125709e+01 -3.326044694585942318e-01
4.311557788944723058e+01 1.278964873051923803e+02 -6.407585955047224502e+01 -3.326749860270901693e-01
4.341708542713567454e+01 1.279820861164950685e+02 -6.399787402628422228e+01 -3.327453969584759363e-01
4.371859296482411850e+01 1.280673468202200525e+02 -6.391986928879774155e+01 -3.328157024171393696e-01
4.402010050251256246e+01 1.281678044084769965e+02 -6.386784526308028376e+01 -2.808544493278171683e-01
4.432160804020099931e+01 1.282734552524533171e+02 -6.382517855400467965e+01 3.559102602080245203e-01
4.462311557788944327e+01 1.283786289889821717e+02 -6.378224646141958942e+01 3.560224130290335909e-01
4.492462311557788723e+01 1.284833244258427101e+02 -6.373904986208628998e+01 3.561346226363762413e-01
4.522613065326632409e+01 1.285875404146975995e+02 -6.369558963465314605e+01 3.562468885671662422e-01
4.552763819095476805e+01 1.286912758508463241e+02 -6.365186665951495115e+01 3.563592106772611179e-01
4.582914572864321201e+01 1.287945296728649964e+02 -6.360788181871717484e+01 3.564715887772325065e-01
4.613065326633165597e+01 1.288973008622159284e+02 -6.356363599587268709e+01 3.565840225415843889e-01
4.643216080402009993e+01 1.289840477952605795e+02 -6.352035910367192173e+01 2.939354702524153984e-01
4.673366834170853679e+01 1.290505869800441587e+02 -6.347849683982016700e+01 -2.195598982583958358e-01
4.703517587939698075e+01 1.291168524030624383e+02 -6.343650422722760140e+01 -2.196889329762648502e-01
4.733668341708542471e+01 1.291828442543191215e+02 -6.339438158578295202e+01 -2.198179809676178154e-01
4.763819095477386156e+01 1.292485627325873452e+02 -6.335212923513043393e+01 -2.199470419145031497e-01
4.793969849246230552e+01 1.293118750156648389e+02 -6.330370927926517766e+01 -2.333115356513942584e-01
4.824120603015074948e+01 1.293607020710288964e+02 -6.321534773765276327e+01 -3.392445789537651413e-01
4.854271356783919344e+01 1.294089017789791285e+02 -6.312688521247872586e+01 -3.393484212969791747e-01
4.884422110552763741e+01 1.294564796017389767e+02 -6.303832242742609537e+01 -3.394522479073310839e-01
4.914572864321607426e+01 1.295034409477995325e+02 -6.294966009767867376e+01 -3.395560583699100965e-01
4.944723618090451822e+01 1.295497911725122719e+02 -6.286089892989804184e+01 -3.396598527949024615e-01
4.974874371859296218e+01 1.295955355785898178e+02 -6.277203962236040979e+01 -3.397636311970059775e-01
5.005025125628139904e+01 1.296465831629084846e+02 -6.268290809327842794e+01 -3.435413739821827073e-01
5.035175879396984300e+01 1.297264084172123546e+02 -6.259277391194572715e+01 -3.651286065480696119e-01
5.065326633165828696e+01 1.298054163754517276e+02 -6.250247339921352818e+01 -3.652254765258239888e-01
5.095477386934673092e+01 1.298836136881345737e+02 -6.241200785615487234e+01 -3.653223566440619852e-01
5.125628140703517488e+01 1.299610069572730993e+02 -6.232137856935977993e+01 -3.654192468947182748e-01
5.155778894472361173e+01 1.300376027363473668e+02 -6.223058681118311597e+01 -3.655161469152022335e-01
5.185929648241205570e+01 1.301134075304152589e+02 -6.213963383983769972e+01 -3.656130566091362888e-01
5.216080402010049966e+01 1.301884277961860903e+02 -6.204852089954113126e+01 -3.657099759245371340e-01
5.246231155778893651e+01 1.302626699420614500e+02 -6.195724922071573815e+01 -3.658069046323503826e-01
5.276381909547738047e+01 1.303361403282340518e+02 -6.186582002013321357e+01 -3.659038425480331536e-01
5.306532663316582443e+01 1.304088452668410696e+02 -6.177423450100155833e+01 -3.660007897527851606e-01
5.336683417085426839e+01 1.304852773898684575e+02 -6.168902793490988756e+01 -3.405679595113735303e-01
5.366834170854271235e+01 1.305768849693025686e+02 -6.162664296436099676e+01 -2.620938771207645401e-01
5.396984924623114921e+01 1.306679706665161405e+02 -6.156412502946690779e+01 -2.621443152805347787e-01
5.427135678391959317e+01 1.307585367962207670e+02 -6.150147492756997281e+01 -2.621947707354932988e-01
5.457286432160803713e+01 1.308485856721815708e+02 -6.143869345093253287e+01 -2.622452434138890509e-01
5.487437185929647399e+01 1.309381196069072928e+02 -6.137578138681513451e+01 -2.622957329969975437e-01
5.517587939698491795e+01 1.310271409114944561e+02 -6.131273951745103545e+01 -2.623462393515696434e-01
5.547738693467336191e+01 1.311156518955158390e+02 -6.124956861999183388e+01 -2.623967626531185648e-01
5.577889447236180587e+01 1.312036548666830527e+02 -6.118626946661592569e+01 -2.624473027066949182e-01
5.608040201005024983e+01 1.313015761564336685e+02 -6.113588968262672552e+01 -2.380801220338502888e-01
5.638190954773868668e+01 1.314062517749677568e+02 -6.109419868457774783e+01 -2.627927164885136557e-01
5.668341708542713064e+01 1.315106844060453568e+02 -6.105242763366146619e+01 -2.628216506112976414e-01
5.698492462311557460e+01 1.316148745239190418e+02 -6.101057684403704684e+01 -2.628505843838621070e-01
5.728643216080401146e+01 1.317188226059889189e+02 -6.096864662937051094e+01 -2.628795174982266336e-01
5.758793969849245542e+01 1.318225291327485138e+02 -6.092663730283058499e+01 -2.629084496465461940e-01
5.788944723618089938e+01 1.319259945880218936e+02 -6.088454917696614643e+01 -2.629373812603793548e-01
5.819095477386934334e+01 1.320292194588345751e+02 -6.084238256373112108e+01 -2.629663125862981565e-01
5.849246231155778730e+01 1.321322042349484889e+02 -6.080013777464813529e+01 -2.629952428237001261e-01
5.879396984924622416e+01 1.322349494091485553e+02 -6.075781512066646428e+01 -2.630241720345297685e-01
5.909547738693466812e+01 1.323374554774767091e+02 -6.071541491203868190e+01 -2.630531010196471287e-01
5.939698492462311208e+01 1.324397229386252093e+02 -6.067293745854459530e+01 -2.630820291634086705e-01
5.969849246231154893e+01 1.325417522941018547e+02 -6.063038306939833433e+01 -2.631109564045269744e-01
6.000000000000000000e+01 1.326435440481544106e+02 -6.058775205325451907e+01 -2.631398826201831742e-01
