0.000000000000000000e+00 0.000000000000000000e+00 -9.000000000000000000e+01
6.060606060606060774e-01 1.265435907343400146e+02 -8.957392141672366392e+01
1.212121212121212155e+00 1.265877934310946102e+02 -8.914770930757853762e+01
1.818181818181818343e+00 1.266318396081091890e+02 -8.872136495019307745e+01
2.424242424242424310e+00 1.266757317201113153e+02 -8.829488961603084363e+01
3.030303030303030276e+00 1.268274742400211608e+02 -8.786932460214507046e+01
3.636363636363636687e+00 1.269809204401212810e+02 -8.744404057210195447e+01
4.242424242424242209e+00 1.271036354922831748e+02 -8.701861976831131074e+01
4.848484848484848619e+00 1.272070688411884873e+02 -8.659306588436601260e+01
5.454545454545455030e+00 1.272975908166900467e+02 -8.616738154549065598e+01
6.060606060606060552e+00 1.273199947483702914e+02 -8.574354873858152359e+01
6.666666666666666963e+00 1.268620220561712699e+02 -8.533730650246340588e+01
7.272727272727273373e+00 1.264848440311862703e+02 -8.493064758730997710e+01
7.878787878787878896e+00 1.261705096795822385e+02 -8.452364081292935793e+01
8.484848484848484418e+00 1.259060052852244667e+02 -8.411633634761608391e+01
9.090909090909091717e+00 1.256816688933795945e+02 -8.370877171383031623e+01
9.696969696969697239e+00 1.254901780942973915e+02 -8.330097561561723296e+01
1.030303030303030276e+01 1.253433141748595574e+02 -8.289418030778321622e+01
1.090909090909091006e+01 1.252304383595864437e+02 -8.248886570805089491e+01
1.151515151515151558e+01 1.249349246691789546e+02 -8.211208618430973161e+01
1.212121212121212110e+01 1.246712390269315307e+02 -8.173496060320624679e+01
1.272727272727272840e+01 1.244352358238111549e+02 -8.135752490255714520e+01
1.333333333333333393e+01 1.242234560101809677e+02 -8.097980920226041235e+01
1.393939393939393945e+01 1.240329911737490107e+02 -8.060183896267812997e+01
1.454545454545454675e+01 1.238613785723424030e+02 -8.022363587747221914e+01
1.515151515151515227e+01 1.237065192235317141e+02 -7.984521856909606186e+01
1.575757575757575779e+01 1.235666133682471326e+02 -7.946660313596819947e+01
1.636363636363636331e+01 1.234401091673342279e+02 -7.908780358683253553e+01
1.696969696969696884e+01 1.233256615780075549e+02 -7.870883218855590258e+01
1.757575757575757791e+01 1.232220991345142380e+02 -7.832969974677860137e+01
1.818181818181818343e+01 1.231283969194403198e+02 -7.795041583404284324e+01
1.878787878787878896e+01 1.230436544230149423e+02 -7.757098897652690539e+01
1.939393939393939448e+01 1.229670772912663210e+02 -7.719142680787538779e+01
2.000000000000000000e+01 1.228979621902388715e+02 -7.681173619666557784e+01
2.060606060606060552e+01 1.229792348629408991e+02 -7.641907847665541453e+01
2.121212121212121104e+01 1.230894907778541523e+02 -7.602433261850717372e+01
2.181818181818182012e+01 1.231966627295273184e+02 -7.562954718242281160e+01
2.242424242424242564e+01 1.233010070885496532e+02 -7.523472414757065962e+01
2.303030303030303116e+01 1.234027537737397466e+02 -7.483986538134874422e+01
2.363636363636363669e+01 1.235021096009821093e+02 -7.444497265369813022e+01
2.424242424242424221e+01 1.235992611361325544e+02 -7.405004764928895611e+01
2.484848484848484773e+01 1.236943771355922763e+02 -7.365509197792960094e+01
2.545454545454545681e+01 1.237876106424168086e+02 -7.326010718353938955e+01
2.606060606060606233e+01 1.238791007933695312e+02 -7.286509475189652107e+01
2.666666666666666785e+01 1.239813892124395522e+02 -7.246438033081810204e+01
2.727272727272727337e+01 1.241778336895042543e+02 -7.201754942932385006e+01
2.787878787878787890e+01 1.243665880514954836e+02 -7.157054460995433942e+01
2.848484848484848442e+01 1.245482037663660577e+02 -7.112337613709979678e+01
2.909090909090909349e+01 1.247316036738985190e+02 -7.065852570461282767e+01
2.969696969696969902e+01 1.249128313955115317e+02 -7.018387433439059464e+01
3.030303030303030454e+01 1.250924853828691568e+02 -6.971029691413758655e+01
3.090909090909091006e+01 1.252698508280840173e+02 -6.923873165285291975e+01
3.151515151515151558e+01 1.253902002300342957e+02 -6.882890471608871508e+01
3.212121212121212466e+01 1.255079850423752958e+02 -6.841903699364542035e+01
3.272727272727272663e+01 1.256233579291809548e+02 -6.800913106587194079e+01
3.333333333333333570e+01 1.257527087483636308e+02 -6.761791672565135514e+01
3.393939393939393767e+01 1.258953029873752882e+02 -6.731316145742485446e+01
3.454545454545454675e+01 1.260328867454427950e+02 -6.702992677824741463e+01
3.515151515151515582e+01 1.261692238220522597e+02 -6.674673373112290164e+01
3.575757575757575779e+01 1.263043686866377868e+02 -6.646358474130710192e+01
3.636363636363636687e+01 1.264383733073899521e+02 -6.618048219815190691e+01
3.696969696969696884e+01 1.265712872981526687e+02 -6.589742845760187606e+01
3.757575757575757791e+01 1.267031580551074654e+02 -6.561442584457992666e+01
3.818181818181817988e+01 1.268239399121784317e+02 -6.534860600845641443e+01
3.878787878787878896e+01 1.268797329956029358e+02 -6.519258330428485237e+01
3.939393939393939803e+01 1.269354632924501658e+02 -6.503654338909660737e+01
4.000000000000000000e+01 1.269911338864067432e+02 -6.488048672123633764e+01
4.060606060606060908e+01 1.271702548935877388e+02 -6.472414924407590320e+01
4.121212121212121104e+01 1.273478750781141571e+02 -6.456771932426556759e+01
4.181818181818182012e+01 1.275240246393084789e+02 -6.441120026140001187e+01
4.242424242424242209e+01 1.276987331192457589e+02 -6.425459529453297591e+01
4.303030303030303116e+01 1.278720294196647131e+02 -6.409790760384103692e+01
4.363636363636364024e+01 1.280439418183004534e+02 -6.394114031232902562e+01
4.424242424242424221e+01 1.282457797264451358e+02 -6.383646297590138374e+01
4.484848484848485128e+01 1.284569566511096639e+02 -6.375003622646900681e+01
4.545454545454545325e+01 1.286661975549600641e+02 -6.366254339087282688e+01
4.606060606060606233e+01 1.288734935538098512e+02 -6.357399162270280613e+01
4.666666666666667140e+01 1.290358008422020646e+02 -6.348785539761138352e+01
4.727272727272727337e+01 1.291688457842074911e+02 -6.340337213063054378e+01
4.787878787878788245e+01 1.293007859934892849e+02 -6.331836449826496960e+01
4.848484848484848442e+01 1.293996757109320015e+02 -6.314391553445301497e+01
4.909090909090909349e+01 1.294949243744124487e+02 -6.296583285061046809e+01
4.969696969696969546e+01 1.295876998186059552e+02 -6.278735028522373796e+01
5.030303030303030454e+01 1.297135527311588703e+02 -6.260738784585757344e+01
5.090909090909091361e+01 1.298718073413382683e+02 -6.242576086318314310e+01
5.151515151515151558e+01 1.300268091240410513e+02 -6.224347147422491844e+01
5.212121212121212466e+01 1.301786111668687624e+02 -6.206052997239984848e+01
5.272727272727272663e+01 1.303272657676994015e+02 -6.187694642266677647e+01
5.333333333333333570e+01 1.304750547910421403e+02 -6.169598615633174177e+01
5.393939393939393767e+01 1.306587823013747993e+02 -6.157048081846320997e+01
5.454545454545454675e+01 1.308404095457289031e+02 -6.144444112866887053e+01
5.515151515151515582e+01 1.310199553114588866e+02 -6.131787350528011871e+01
5.575757575757575779e+01 1.311974383634311323e+02 -6.119078428437819639e+01
5.636363636363636687e+01 1.313998407974090412e+02 -6.109673844219562966e+01
5.696969696969696884e+01 1.316095445786325229e+02 -6.101270322437352434e+01
5.757575757575757791e+01 1.318182703165458349e+02 -6.092834702374250355e+01
5.818181818181818699e+01 1.320260219261937493e+02 -6.084367238135433809e+01
5.878787878787878896e+01 1.322328033731285188e+02 -6.075868182929099248e+01
5.939393939393939803e+01 1.324386186717390501e+02 -6.067337789048812624e+01
6.000000000000000000e+01 1.326434718834637181e+02 -6.058776307862254384e+01
