0.000000000000000000e+00 0.000000000000000000e+00 -9.000000000000000000e+01 0.000000000000000000e+00 0.000000000000000000e+00 9.000000000000000000e+01
3.015075376884421843e-01 1.187767682376216385e+02 -8.988856682898307326e+01 -4.221277344682800581e-01 2.874668537822861936e+01 2.836577577584561283e+01
6.030150753768843686e-01 1.187675129953878468e+02 -8.977705923768081675e+01 -4.222207834241361590e-01 2.866817450224341002e+01 2.831811514521922035e+01
9.045226130653265528e-01 1.187582464417103978e+02 -8.966547727487352404e+01 -4.223138291387799059e-01 2.858983513741665305e+01 2.827029276555010284e+01
1.206030150753768737e+00 1.187489684730722246e+02 -8.955382098990898498e+01 -4.224068706940026230e-01 2.851166744647479590e+01 2.822230914568906712e+01
1.507537688442210921e+00 1.187396789859233195e+02 -8.944209043259655800e+01 -4.224999076324781888e-01 2.843367158802447037e+01 2.817416479425638087e+01
1.809045226130653106e+00 1.187303778766876690e+02 -8.933028565299920842e+01 -4.225929402255731993e-01 2.835584771657698511e+01 2.812586021962939498e+01
2.110552763819095290e+00 1.187210650417763844e+02 -8.921840670157888553e+01 -4.226859682078984992e-01 2.827819598257337930e+01 2.807739592993044297e+01
2.412060301507537474e+00 1.187117403775829416e+02 -8.910645362916915246e+01 -4.227789914292411355e-01 2.820071653241008036e+01 2.802877243301396248e+01
2.713567839195979658e+00 1.187584085467080257e+02 -8.899483887165334295e+01 -4.231183600326098304e-01 2.861780450328561898e+01 2.844139025652894759e+01
3.015075376884421843e+00 1.188775984850404939e+02 -8.888382748959367063e+01 -4.237247733110185988e-01 2.936523096182061110e+01 2.915115870628351402e+01
3.316582914572864027e+00 1.189735330396652842e+02 -8.877273852119202502e+01 -4.238141101865192106e-01 2.928520585597053127e+01 2.910365226789573967e+01
3.618090452261306211e+00 1.190519824817044423e+02 -8.866157315466239197e+01 -4.239034424113038990e-01 2.920535694319521269e+01 2.905598151976615640e+01
3.919597989949748396e+00 1.191169533587504219e+02 -8.855033222878830657e+01 -4.239927696444714678e-01 2.912568439348003579e+01 2.900814698403988956e+01
4.221105527638190580e+00 1.191713144702717955e+02 -8.843901635704881414e+01 -4.240820917745869445e-01 2.904618837246274055e+01 2.896014918263488269e+01
4.522613065326632764e+00 1.192171739254653886e+02 -8.832762600237148831e+01 -4.241714088430625362e-01 2.896686904145546038e+01 2.891198863722437906e+01
4.824120603015074948e+00 1.192561155783553346e+02 -8.821616152409140454e+01 -4.242607206621931137e-01 2.888772655747888507e+01 2.886366586922659394e+01
5.125628140703517133e+00 1.192893524424882230e+02 -8.810462320837785910e+01 -4.243500270444314215e-01 2.880876107327900826e+01 2.881518139979117876e+01
5.427135678391959317e+00 1.193178292133543863e+02 -8.799301128857746335e+01 -4.244393277642234397e-01 2.872997273736242363e+01 2.876653574978591976e+01
5.728643216080401501e+00 1.193422925621420347e+02 -8.788132595916471246e+01 -4.245286225580486295e-01 2.865136169401739963e+01 2.871772943978398729e+01
6.030150753768843686e+00 1.193042018129855819e+02 -8.777023737434268469e+01 -4.226925793836163181e-01 2.738295680288057454e+01 2.877205922780071745e+01
6.331658291457285870e+00 1.187603876410605608e+02 -8.766500348817137933e+01 -4.121218259730733968e-01 1.614528612428244614e+01 2.917485458226877526e+01
6.633165829145728054e+00 1.182625438221240444e+02 -8.755948918681883697e+01 -4.122270236916560360e-01 1.607561080026742317e+01 2.910918866562127860e+01
6.934673366834170238e+00 1.178050751390491797e+02 -8.745371750711103687e+01 -4.123321976748157147e-01 1.600613736132282128e+01 2.904340496963007467e+01
7.236180904522612423e+00 1.173832491200809045e+02 -8.734770789977815753e+01 -4.124373478228860468e-01 1.593686552177758387e+01 2.897750399802076871e+01
7.537688442211054607e+00 1.169930376102987424e+02 -8.724147689956768659e+01 -4.125424737614434290e-01 1.586779499414606320e+01 2.891148625302986730e+01
7.839195979899496791e+00 1.166309916653905532e+02 -8.713503865143215421e+01 -4.126475754304809729e-01 1.579892548915600159e+01 2.884535223539926818e+01
8.140703517587938975e+00 1.162941419514703227e+02 -8.702840532752460945e+01 -4.127526528092935743e-01 1.573025671578537299e+01 2.877910244438258758e+01
8.442211055276381160e+00 1.159799188395860767e+02 -8.692158746037495121e+01 -4.128577057987227183e-01 1.566178838128566930e+01 2.871273737773283585e+01
8.743718592964823344e+00 1.156860878351081965e+02 -8.681459421122235653e+01 -4.129627339074576353e-01 1.559352019122283473e+01 2.864625753171272748e+01
9.045226130653265528e+00 1.154106970408817290e+02 -8.670743358735245465e+01 -4.130677373505519112e-01 1.552545184950124835e+01 2.857966340108469794e+01
9.346733668341707713e+00 1.151520341367256748e+02 -8.660011261978948482e+01 -4.131727159899910018e-01 1.545758305839811086e+01 2.851295547911265160e+01
9.648241206030149897e+00 1.149085909359696558e+02 -8.649263750928943750e+01 -4.132776694527259265e-01 1.538991351859251289e+01 2.844613425756342551e+01
9.949748743718592081e+00 1.146790340159250974e+02 -8.638501374686273948e+01 -4.133825977971182231e-01 1.532244292919785522e+01 2.837920022670111564e+01
1.025125628140703427e+01 1.146793261561039827e+02 -8.625278888025292190e+01 4.862800985584194158e-01 -1.570268931557838243e+02 -2.493704597798304690e+01
1.055276381909547645e+01 1.147212437406042653e+02 -8.611560027084954072e+01 5.017703101169577184e-01 -1.558575551817952771e+02 -2.429945886785159459e+01
1.085427135678391863e+01 1.147604410137908104e+02 -8.597834932633287508e+01 5.018382768907823088e-01 -1.559126106405594214e+02 -2.425671943667275698e+01
1.115577889447236082e+01 1.146001854353258125e+02 -8.585081776868850056e+01 4.794917195243780239e-01 -1.624965160703638958e+02 -2.667417251828545233e+01
1.145728643216080300e+01 1.144154267860431418e+02 -8.572492493377191636e+01 4.762039264750838607e-01 -1.638041740493797533e+02 -2.705404418756202034e+01
1.175879396984924519e+01 1.142414570244606153e+02 -8.559891915795537898e+01 4.762582951409464749e-01 -1.638539692290809455e+02 -2.700294483971676485e+01
1.206030150753768737e+01 1.140773842936150970e+02 -8.547280424992700887e+01 4.763126094795974153e-01 -1.639036335243864073e+02 -2.695178304877758890e+01
1.236180904522612956e+01 1.139224117824217899e+02 -8.534658362589161129e+01 4.763668695096193173e-01 -1.639531670850226988e+02 -2.690055905711081508e+01
1.266331658291457174e+01 1.137758254342971043e+02 -8.522026036064286814e+01 4.764210750115661641e-01 -1.640025700611289494e+02 -2.684927310644622267e+01
1.296482412060301392e+01 1.136369835089184335e+02 -8.509383723078119033e+01 4.764752259700517079e-01 -1.640518426032637649e+02 -2.679792543787816683e+01
1.326633165829145611e+01 1.135053076803968395e+02 -8.496731675163343311e+01 4.765293221657224132e-01 -1.641009848623776293e+02 -2.674651629186219282e+01
1.356783919597989829e+01 1.133802754149169516e+02 -8.484070120874599752e+01 4.765833635492490727e-01 -1.641499969898194138e+02 -2.669504590822128165e+01
1.386934673366834048e+01 1.132614134190907293e+02 -8.471399268501363622e+01 4.766373499013817905e-01 -1.641988791373249796e+02 -2.664351452613910354e+01
1.417085427135678266e+01 1.131482919878613842e+02 -8.458719308396396741e+01 4.766912812408178879e-01 -1.642476314570041893e+02 -2.659192238416845200e+01
1.447236180904522485e+01 1.130405201116311105e+02 -8.446030414999884783e+01 4.767451574163412698e-01 -1.642962541013368423e+02 -2.654026972022449016e+01
1.477386934673366703e+01 1.129377412264178844e+02 -8.433332748594261830e+01 4.767989782088387640e-01 -1.643447472231647168e+02 -2.648855677158984179e+01
1.507537688442210921e+01 1.128396295107398402e+02 -8.420626456823475792e+01 4.768527436710326417e-01 -1.643931109756862838e+02 -2.643678377491127307e+01
1.537688442211055140e+01 1.127458866492590488e+02 -8.407911676035402593e+01 4.769064535159453500e-01 -1.644413455124403356e+02 -2.638495096620608393e+01
1.567839195979899358e+01 1.126562389958815658e+02 -8.395188532443600593e+01 4.769601076944423590e-01 -1.644894509873064123e+02 -2.633305858085638818e+01
1.597989949748743577e+01 1.125704350802141249e+02 -8.382457143153482093e+01 4.770137061573915815e-01 -1.645374275544963609e+02 -2.628110685361208354e+01
1.628140703517587795e+01 1.124882434099280886e+02 -8.369717617070014626e+01 4.770672487198464595e-01 -1.645852753685408629e+02 -2.622909601859241846e+01
1.658291457286431836e+01 1.124094505288731796e+02 -8.356970055693338395e+01 4.771207352987757444e-01 -1.646329945842890368e+02 -2.617702630928456387e+01
1.688442211055276232e+01 1.123338592970137455e+02 -8.344214553829357328e+01 4.771741656753784033e-01 -1.646805853568957616e+02 -2.612489795854719432e+01
1.718592964824120628e+01 1.122612873631380808e+02 -8.331451200210813113e+01 4.772275398685322800e-01 -1.647280478418158509e+02 -2.607271119860568476e+01
1.748743718592964669e+01 1.121915658057609306e+02 -8.318680078061822769e+01 4.772808576595126695e-01 -1.647753821947998745e+02 -2.602046626106222860e+01
1.778894472361808710e+01 1.121245379209060360e+02 -8.305901265589972127e+01 4.773341190332848760e-01 -1.648225885718777306e+02 -2.596816337688100162e+01
1.809045226130653106e+01 1.120600581387190857e+02 -8.293114836436501491e+01 4.773873237712120132e-01 -1.648696671293648421e+02 -2.591580277640781915e+01
1.839195979899497502e+01 1.119979910531300789e+02 -8.280320860067911326e+01 4.774404718922280466e-01 -1.649166180238395327e+02 -2.586338468935510804e+01
1.869346733668341543e+01 1.119382105511749756e+02 -8.267519402140376883e+01 4.774935631438473882e-01 -1.649634414121504165e+02 -2.581090934481074939e+01
1.899497487437185583e+01 1.118805990301426618e+02 -8.254710524817147643e+01 4.775465974093571209e-01 -1.650101374513992027e+02 -2.575837697123494507e+01
1.929648241206029979e+01 1.118250466924440474e+02 -8.241894287053838752e+01 4.775995747077406706e-01 -1.650567062989362341e+02 -2.570578779646590917e+01
1.959798994974874375e+01 1.117714509094002437e+02 -8.229070744865609299e+01 4.776524948205651544e-01 -1.651031481123554840e+02 -2.565314204771327056e+01
1.989949748743718416e+01 1.117197156461423901e+02 -8.216239951558188181e+01 4.777053576990176187e-01 -1.651494630494821934e+02 -2.560043995156461705e+01
2.020100502512562457e+01 1.118695216290014685e+02 -8.201895533582154485e+01 5.292168360412755623e-01 -1.536238580994202039e+02 -2.498807132111376461e+01
2.050251256281406853e+01 1.121981749003977740e+02 -8.186716305743266275e+01 5.686129199406757539e-01 -1.443331255636547326e+02 -2.370393059720878881e+01
2.080402010050251249e+01 1.125152948275610214e+02 -8.171514218033007637e+01 5.686661143810641805e-01 -1.443746465760038404e+02 -2.371823075040630968e+01
2.110552763819095290e+01 1.128214914865885845e+02 -8.156290568399140284e+01 5.687192576191950621e-01 -1.444161533967841820e+02 -2.373249027189649851e+01
2.140703517587939331e+01 1.131173339901057204e+02 -8.141046565391684453e+01 5.687723497548595741e-01 -1.444576459529964723e+02 -2.374670918950767629e+01
2.170854271356783727e+01 1.134033537699429957e+02 -8.125783335664704055e+01 5.688253906315049457e-01 -1.444991241716548700e+02 -2.376088753117830876e+01
2.201005025125628123e+01 1.136800475595106263e+02 -8.110501930748381483e+01 5.688783799502512561e-01 -1.445405879797908710e+02 -2.377502532494188614e+01
2.231155778894472164e+01 1.139478801062531232e+02 -8.095203333166830362e+01 5.689313175262025180e-01 -1.445820373044564064e+02 -2.378912259894048731e+01
2.261306532663316204e+01 1.142072866411746332e+02 -8.079888461973476410e+01 5.689842034592084152e-01 -1.446234720727187835e+02 -2.380317938141605083e+01
2.291457286432160600e+01 1.144586751292675046e+02 -8.064558177783891324e+01 5.690370376213353953e-01 -1.446648922116713720e+02 -2.381719570071267000e+01
2.321608040201004997e+01 1.147024283227664228e+02 -8.049213287340305101e+01 5.690898198846843226e-01 -1.447062976484182570e+02 -2.383117158527496215e+01
2.351758793969849037e+01 1.149389056363853285e+02 -8.033854547661206880e+01 5.691425501498497130e-01 -1.447476883100955547e+02 -2.384510706365472643e+01
2.381909547738693078e+01 1.151684448617132688e+02 -8.018482669821489139e+01 5.691952282605318159e-01 -1.447890641238490161e+02 -2.385900216449893918e+01
2.412060301507537474e+01 1.153913637361879267e+02 -8.003098322400802545e+01 5.692478539181956565e-01 -1.448304250168526153e+02 -2.387285691656074604e+01
2.442211055276381870e+01 1.156079613807439301e+02 -7.987702134612746363e+01 5.693004273650128511e-01 -1.448717709163013581e+02 -2.388667134869351116e+01
2.472361809045225911e+01 1.158185196178446290e+02 -7.972294699190041456e+01 5.693529483878421171e-01 -1.449131017494102025e+02 -2.390044548984816331e+01
2.502512562814069952e+01 1.160233041815755257e+02 -7.956876575013671982e+01 5.694054167451577664e-01 -1.449544174434230399e+02 -2.391417936908094788e+01
2.532663316582914348e+01 1.162225658296562045e+02 -7.941448289515747661e+01 5.694578323661813046e-01 -1.449957179255988819e+02 -2.392787301554890789e+01
2.562814070351758744e+01 1.164165413661821873e+02 -7.926010340887901862e+01 5.695101951517024252e-01 -1.450370031232272083e+02 -2.394152645850386918e+01
2.592964824120602785e+01 1.166054545832450202e+02 -7.910563200107941384e+01 5.695625050025332481e-01 -1.450782729636252668e+02 -2.395513972730504904e+01
2.623115577889446826e+01 1.167895171286867537e+02 -7.895107312801602006e+01 5.696147618479443508e-01 -1.451195273741242602e+02 -2.396871285140714036e+01
2.653266331658291222e+01 1.169689293064680555e+02 -7.879643100959913227e+01 5.696669654750434741e-01 -1.451607662820880194e+02 -2.398224586036620920e+01
2.683417085427135618e+01 1.172354298263653050e+02 -7.862407668035046981e+01 6.248646134067173952e-01 -1.395275000062980837e+02 -1.908488311767088419e+01
2.713567839195979658e+01 1.175200182164597607e+02 -7.844640408848189850e+01 6.423904443446861734e-01 -1.381808182328119869e+02 -1.782168845742935304e+01
2.743718592964823699e+01 1.177963262327390765e+02 -7.826848258297940220e+01 6.424420078901246223e-01 -1.382188401579537640e+02 -1.783863034807752967e+01
2.773869346733668095e+01 1.180647168996331828e+02 -7.809032385702951728e+01 6.424935258742757727e-01 -1.382568490703680766e+02 -1.785553257295691409e+01
2.804020100502512491e+01 1.183255331410389317e+02 -7.791193893681267468e+01 6.425449981568400748e-01 -1.382948449069488959e+02 -1.787239515463793893e+01
2.834170854271356532e+01 1.185790991054117569e+02 -7.773333822787193981e+01 6.425964246227607868e-01 -1.383328276045796486e+02 -1.788921811578704890e+01
2.864321608040200573e+01 1.188257213916155024e+02 -7.755453155775748542e+01 6.426478051822134274e-01 -1.383707971001428234e+02 -1.790600147916857310e+01
2.894472361809044969e+01 1.190751786643052981e+02 -7.736461762392661967e+01 6.807385957784042319e-01 -1.387005018705473844e+02 -1.783076573007210897e+01
2.924623115577889365e+01 1.193197783112044732e+02 -7.717197106523741468e+01 6.896193273336815865e-01 -1.388008597105261686e+02 -1.782777574259718989e+01
2.954773869346733406e+01 1.195575578166270532e+02 -7.697913151483649585e+01 6.896711050874771987e-01 -1.388383125559241762e+02 -1.784472790278540799e+01
2.984924623115577447e+01 1.197888124267991827e+02 -7.678610809183922470e+01 6.897228355297339020e-01 -1.388757522521801206e+02 -1.786164126562809074e+01
3.015075376884421843e+01 1.199421053587144570e+02 -7.658954536808516877e+01 7.017520630521251190e-01 -1.446109759194889932e+02 -2.027645561588733614e+01
3.045226130653266239e+01 1.200208447073578526e+02 -7.638954964443252038e+01 7.209870087162122410e-01 -1.502684961194503614e+02 -2.238474354106505260e+01
3.075376884422110280e+01 1.200976595857496676e+02 -7.618948295716293728e+01 7.211021566768834878e-01 -1.503227919669866139e+02 -2.235581753697208640e+01
3.105527638190954320e+01 1.201427001049851384e+02 -7.600477730790504438e+01 6.778742283996234130e-01 -1.529087648095324710e+02 -2.455953794147799840e+01
3.135678391959798716e+01 1.201592118200639590e+02 -7.583455539232224396e+01 6.393856429294945132e-01 -1.557494775810295664e+02 -2.685522318010543685e+01
3.165829145728643113e+01 1.201756642699611604e+02 -7.566427782687287618e+01 6.394944727528222295e-01 -1.558030199459183507e+02 -2.682309438321135175e+01
3.195979899497487153e+01 1.201920591159363596e+02 -7.549394484597917199e+01 6.396032782842743236e-01 -1.558564993797955651e+02 -2.679093556425670997e+01
3.226130653266331194e+01 1.202083979536219402e+02 -7.532355668396516535e+01 6.397120590804596940e-01 -1.559099159083647237e+02 -2.675874681700732793e+01
3.256281407035175590e+01 1.202246823167513554e+02 -7.515311357502619671e+01 6.398208148248715199e-01 -1.559632695575574246e+02 -2.672652823508174436e+01
3.286432160804019986e+01 1.202409136806477647e+02 -7.498261575309135196e+01 6.399295457327854875e-01 -1.560165603535358514e+02 -2.669427991195437144e+01
3.316582914572863672e+01 1.202607025026032943e+02 -7.481739137475463508e+01 6.272334135529208377e-01 -1.561182985016467910e+02 -2.793103485218973603e+01
3.346733668341708068e+01 1.202933229254523582e+02 -7.467117725460798283e+01 5.843075942556278379e-01 -1.563781811702778555e+02 -3.288364622796454029e+01
3.376884422110552464e+01 1.202819413284111647e+02 -7.455789423674772820e+01 5.546242760650675896e-01 -1.669896225726468799e+02 -4.451957032617706034e+01
3.407035175879396860e+01 1.202657344169540750e+02 -7.444855141697553336e+01 5.536183931023025417e-01 -1.686815786004514450e+02 -4.588501723786356479e+01
3.437185929648241256e+01 1.202499815420225673e+02 -7.433913720670179259e+01 5.537794477210832289e-01 -1.687516074730179128e+02 -4.584686509013680933e+01
3.467336683417084942e+01 1.202346740629850927e+02 -7.422965195615233824e+01 5.539404827387937047e-01 -1.688215222093711532e+02 -4.580868906940251861e+01
3.497487437185929338e+01 1.202198035667702811e+02 -7.412009601336635001e+01 5.541014978509525291e-01 -1.688913230061868944e+02 -4.577048936544969848e+01
3.527638190954773734e+01 1.202053618605544614e+02 -7.401046972424376236e+01 5.542624929287817137e-01 -1.689610100602740488e+02 -4.573226616763167840e+01
3.557788944723617419e+01 1.201913409647380746e+02 -7.390077343265312493e+01 5.544234676975668963e-01 -1.690305835685510374e+02 -4.569401966483929556e+01
3.587939698492461815e+01 1.201777331061829130e+02 -7.379100748049037861e+01 5.545844219705351463e-01 -1.691000437280497977e+02 -4.565575004552316329e+01
3.618090452261306211e+01 1.201645307117070587e+02 -7.368117220775144460e+01 5.547453555611282505e-01 -1.691693907359017430e+02 -4.561745749766532043e+01
3.648241206030150607e+01 1.201517264018267923e+02 -7.357126795262070118e+01 5.549062681954278764e-01 -1.692386247893324764e+02 -4.557914220881707479e+01
3.678391959798995003e+01 1.201393129847291732e+02 -7.346129505153811579e+01 5.550671595998312169e-01 -1.693077460856672758e+02 -4.554080436606116677e+01
3.708542713567838689e+01 1.201272834504647165e+02 -7.335125383922391507e+01 5.552280297052709646e-01 -1.693767548222928099e+02 -4.550244415603421544e+01
3.738693467336683085e+01 1.201156309653631808e+02 -7.324114464878832109e+01 5.553888782094295040e-01 -1.694456511967014478e+02 -4.546406176493096041e+01
3.768844221105527481e+01 1.201043488666489623e+02 -7.313096781178552419e+01 5.555497048394947290e-01 -1.695144354064329093e+02 -4.542565737847768048e+01
3.798994974874371167e+01 1.200934306572502379e+02 -7.302072365824940903e+01 5.557105094395639044e-01 -1.695831076490968599e+02 -4.538723118196358541e+01
3.829145728643215563e+01 1.200576841954895571e+02 -7.295095434972682824e+01 4.156495440172300326e-01 -1.798048915970009034e+02 -4.981167369154901081e+01
3.859296482412059959e+01 1.200077833634517503e+02 -7.290441875745250400e+01 3.414499874966494541e-01 1.690366890941844247e+02 -5.299327135624429275e+01
3.889447236180904355e+01 1.199580872370879661e+02 -7.285780059759275673e+01 3.415690169193482117e-01 1.690046761589161974e+02 -5.294336960132905290e+01
3.919597989949748751e+01 1.199085950183279436e+02 -7.281109995057300921e+01 3.416880235557160916e-01 1.689727150110243201e+02 -5.289347227687822794e+01
3.949748743718592436e+01 1.198593059116900008e+02 -7.276431689694871352e+01 3.418070073347723170e-01 1.689408054661747371e+02 -5.284357945116515509e+01
3.979899497487436832e+01 1.198102191243003745e+02 -7.271745151741774293e+01 3.419259680908822707e-01 1.689089473410455753e+02 -5.279369119228474716e+01
4.010050251256281229e+01 1.196547919488843377e+02 -7.265301736464004989e+01 4.073275781085967662e-01 1.616266005110115032e+02 -3.784755579460854591e+01
4.040201005025124914e+01 1.192892203260773130e+02 -7.255298955802552996e+01 5.934313497150190964e-01 1.562505785860687126e+02 -2.021146132301802112e+01
4.070351758793969310e+01 1.189281864560088025e+02 -7.245193594759533084e+01 5.936136285444995053e-01 1.563011851298371084e+02 -2.016406357955830586e+01
4.100502512562813706e+01 1.185716602464639635e+02 -7.234987141199380289e+01 5.937957584237565367e-01 1.563516489630918329e+02 -2.011653327980888761e+01
4.130653266331658102e+01 1.182196102675299727e+02 -7.224681066082362690e+01 5.939777388625715471e-01 1.564019698643457161e+02 -2.006887087761137067e+01
4.160804020100502498e+01 1.178720038398187171e+02 -7.214276823130927596e+01 5.941595692076364621e-01 1.564521476150136152e+02 -2.002107682699451985e+01
4.190954773869346184e+01 1.175288071198172304e+02 -7.203775848528655956e+01 5.943412489426018741e-01 1.565021819994032057e+02 -1.997315158214798103e+01
4.221105527638190580e+01 1.171899851825813954e+02 -7.193179560657199545e+01 5.945227775788813895e-01 1.565520728046911927e+02 -1.992509559742694236e+01
4.251256281407034976e+01 1.168555021017447331e+02 -7.182489359869632040e+01 5.947041545466571488e-01 1.566018198209025343e+02 -1.987690932732959581e+01
4.281407035175878661e+01 1.165253210266909605e+02 -7.171706628294273855e+01 5.948853793311490445e-01 1.566514228409100440e+02 -1.982859322649162337e+01
4.311557788944723058e+01 1.161994042569852894e+02 -7.160832729670261187e+01 5.950664514453087861e-01 1.567008816604069352e+02 -1.978014774967620681e+01
4.341708542713567454e+01 1.158777133141289966e+02 -7.149869009215296956e+01 5.952473702937121081e-01 1.567501960778968169e+02 -1.973157335176067662e+01
4.371859296482411850e+01 1.155602090104736988e+02 -7.138816793518100212e+01 5.954281353631541984e-01 1.567993658946805624e+02 -1.968287048771994918e+01
4.402010050251256246e+01 1.153303290663892682e+02 -7.131813823969878285e+01 3.391990625150663741e-01 1.597018105894705684e+02 9.557437332200414914e+00
4.432160804020099931e+01 1.151326200393640136e+02 -7.126316042491242797e+01 2.933589369434758121e-01 1.620603548684900659e+02 3.106871942492768213e+01
4.462311557788944327e+01 1.149358995752437096e+02 -7.120798526869475609e+01 2.934917880590830475e-01 1.620716857185634296e+02 3.109455663168941797e+01
4.492462311557788723e+01 1.147401615437612037e+02 -7.115261432593138125e+01 2.936258049879436616e-01 1.620829104505367866e+02 3.112058443792463791e+01
4.522613065326632409e+01 1.145453997968753015e+02 -7.109704913959183159e+01 2.937609854176483348e-01 1.620940273797149302e+02 3.114680272273317385e+01
4.552763819095476805e+01 1.143516081706230949e+02 -7.104129124085142166e+01 2.938973265852774519e-01 1.621050348245356076e+02 3.117321135578756497e+01
4.582914572864321201e+01 1.141587804865273768e+02 -7.098534214910091578e+01 2.940348258845384422e-01 1.621159311065946156e+02 3.119981019735258343e+01
4.613065326633165597e+01 1.139669105529707736e+02 -7.092920337195798197e+01 2.941734808655054323e-01 1.621267145506460565e+02 3.122659909834532499e+01
4.643216080402009993e+01 1.137408049217006720e+02 -7.086922102830186532e+01 3.192100997719062305e-01 1.558312761564733080e+02 2.052942329650901954e+01
4.673366834170853679e+01 1.134712332711190328e+02 -7.080413922359687717e+01 3.682366467930298648e-01 1.502666584126556870e+02 9.357643574195273928e+00
4.703517587939698075e+01 1.132034416663479135e+02 -7.073859878198538809e+01 3.683323673382211116e-01 1.502910371063639161e+02 9.382971579348108548e+00
4.733668341708542471e+01 1.129374239326608063e+02 -7.067260399560416317e+01 3.684286976680716252e-01 1.503153436143680324e+02 9.408490717123477509e+00
4.763819095477386156e+01 1.126731736385430906e+02 -7.060615912959215734e+01 3.685256366890338198e-01 1.503395768903838530e+02 9.434200687254604034e+00
4.793969849246230552e+01 1.124125316390630189e+02 -7.053342059725915192e+01 3.786492548073862041e-01 1.530938095642394785e+02 9.956936249047004139e+00
4.824120603015074948e+01 1.121660845703630542e+02 -7.042173809113245397e+01 4.625994763570719370e-01 1.677297752031171285e+02 1.226372164711565738e+01
4.854271356783919344e+01 1.119219322326147363e+02 -7.030970147635377998e+01 4.629324265573458441e-01 1.677136411145551165e+02 1.234176158815063751e+01
4.884422110552763741e+01 1.116800409164180508e+02 -7.019731586464615702e+01 4.632654024011662042e-01 1.676972788156572847e+02 1.241979949321247290e+01
4.914572864321607426e+01 1.114403773289394195e+02 -7.008458627887088710e+01 4.635984031344653200e-01 1.676806881108481377e+02 1.249783460783820921e+01
4.944723618090451822e+01 1.112029085938137598e+02 -6.997151765467853579e+01 4.639314279355050141e-01 1.676638688046600976e+02 1.257586617762160941e+01
4.974874371859296218e+01 1.109676022506373272e+02 -6.985811484211413358e+01 4.642644760197918719e-01 1.676468207017729242e+02 1.265389344816935235e+01
5.005025125628139904e+01 1.107821810497457165e+02 -6.974449788855912402e+01 -4.347192132737986991e-01 -7.112098175480137563e+00 -9.402897648503081740e+00
5.035175879396984300e+01 1.108361113253037047e+02 -6.963113424775531257e+01 3.888990984590555144e-01 -1.538852101555796992e+02 -1.261916875647278324e+01
5.065326633165828696e+01 1.108893346368049322e+02 -6.951749003935418614e+01 3.896401217695949493e-01 -1.539113224101102162e+02 -1.250602126753862642e+01
5.095477386934673092e+01 1.109418568962039870e+02 -6.940356594936122292e+01 3.903808210838338177e-01 -1.539375937150350637e+02 -1.239307479901897402e+01
5.125628140703517488e+01 1.109936839352486544e+02 -6.928936266208575034e+01 3.911211948050348775e-01 -1.539640232774819708e+02 -1.228032899049818916e+01
5.155778894472361173e+01 1.110448215067777511e+02 -6.917488086016632565e+01 3.918612413477196577e-01 -1.539906103133146189e+02 -1.216778348576159274e+01
5.185929648241205570e+01 1.110952752859908941e+02 -6.906012122460808200e+01 3.926009590962887819e-01 -1.540173540470082401e+02 -1.205543793274920894e+01
5.216080402010049966e+01 1.111450508716807377e+02 -6.894508443485523230e+01 3.933403462817481877e-01 -1.540442537115202128e+02 -1.194329198355626076e+01
5.246231155778893651e+01 1.111941537874807722e+02 -6.882977116877825097e+01 3.940794012708639382e-01 -1.540713085481672522e+02 -1.183134529434919813e+01
5.276381909547738047e+01 1.112425894830799677e+02 -6.871418210268461735e+01 3.948181224828231084e-01 -1.540985178064905199e+02 -1.171959752537377497e+01
5.306532663316582443e+01 1.112903633354253827e+02 -6.859831791130508805e+01 3.955565084706326173e-01 -1.541258807441774366e+02 -1.160804834089992177e+01
5.336683417085426839e+01 1.113349773890866174e+02 -6.848704201571786143e+01 3.854182888489630088e-01 -1.559247687537375100e+02 -1.552755570986933797e+01
5.366834170854271235e+01 1.113706640445691818e+02 -6.839259490205407133e+01 3.674891196919651271e-01 -1.635721172909086079e+02 -3.069878037929117554e+01
5.396984924623114921e+01 1.114062553684541541e+02 -6.829790459499457711e+01 3.679275693804621716e-01 -1.635336706642645765e+02 -3.056573882931792241e+01
5.427135678391959317e+01 1.114417490882376001e+02 -6.820297139227173489e+01 3.683662491969498798e-01 -1.634957040322555599e+02 -3.043280320737092381e+01
5.457286432160803713e+01 1.114771429678202423e+02 -6.810779559398770289e+01 3.688051566073091148e-01 -1.634582138648103751e+02 -3.029997430853419615e+01
5.487437185929647399e+01 1.115124348069727631e+02 -6.801237750267202387e+01 3.692442888258308797e-01 -1.634211966683305377e+02 -3.016725291600593195e+01
5.517587939698491795e+01 1.115476224408588877e+02 -6.791671742320266958e+01 3.696836433425308432e-01 -1.633846489852418529e+02 -3.003463980125649258e+01
5.547738693467336191e+01 1.115827037395229695e+02 -6.782081566284037422e+01 3.701232174838791078e-01 -1.633485673936333740e+02 -2.990213572422614874e+01
5.577889447236180587e+01 1.116176766074219131e+02 -6.772467253116047914e+01 3.705630088072028872e-01 -1.633129485068016038e+02 -2.976974143348758162e+01
5.608040201005024983e+01 1.116372160359645136e+02 -6.763124237758185586e+01 4.428226279903058060e-01 -1.755570050316839570e+02 -4.259505679064455563e+01
5.638190954773868668e+01 1.116470652837183763e+02 -6.753955478366063403e+01 5.059908629487027687e-01 1.767031801343337349e+02 -4.823135342902283895e+01
5.668341708542713064e+01 1.116575258632795169e+02 -6.744761495227726300e+01 5.061317988682477731e-01 1.768270188520895942e+02 -4.815200198953849053e+01
5.698492462311557460e+01 1.116685893450490852e+02 -6.735542353760450851e+01 5.062728860231948680e-01 1.769502201119071003e+02 -4.807243229796558381e+01
5.728643216080401146e+01 1.116802473840955798e+02 -6.726298118601113174e+01 5.064141231036392021e-01 1.770727860310937842e+02 -4.799264636856578647e+01
5.758793969849245542e+01 1.116924917195677409e+02 -6.717028853616261586e+01 5.065555091847346869e-01 1.771947187412187645e+02 -4.791264620402323260e+01
5.788944723618089938e+01 1.117053141741011615e+02 -6.707734621914261197e+01 5.066970435982844911e-01 1.773160203876154810e+02 -4.783243379542994234e+01
5.819095477386934334e+01 1.117187066532040660e+02 -6.698415485868810038e+01 5.068387252931911835e-01 1.774366931288271303e+02 -4.775201112227577482e+01
5.849246231155778730e+01 1.117326611446467695e+02 -6.689071507135261641e+01 5.069805532194024966e-01 1.775567391361426246e+02 -4.767138015246773364e+01
5.879396984924622416e+01 1.117471697178485499e+02 -6.679702746665472546e+01 5.071225263917983339e-01 1.776761605930119288e+02 -4.759054284230807497e+01
5.909547738693466812e+01 1.117622245232681593e+02 -6.670309264718252962e+01 5.072646441136317019e-01 1.777949596946288295e+02 -4.750950113653387064e+01
5.939698492462311208e+01 1.117778177917755329e+02 -6.660891120879600180e+01 5.074069054334210405e-01 1.779131386473785028e+02 -4.742825696828993642e+01
5.969849246231154893e+01 1.117939418340149871e+02 -6.651448374085089199e+01 5.075493090176487199e-01 1.780306996683921739e+02 -4.734681225916134650e+01
6.000000000000000000e+01 1.118105890398112194e+02 -6.641981082615316723e+01 -5.076918545870724442e-01 -1.852355014953106727e+00 4.726516891917356844e+01
